1607,1,65,65,1,30,1,24,1,0
1967,1,65,65,1,31,1,70,1,0
2269,1,65,65,1,32,1,1,1,0
2571,1,65,65,1,32,1,9,1,0
2873,1,65,65,1,32,1,3,1,0
3175,1,65,65,1,30,1,7,1,0
3477,1,65,65,1,31,1,7,1,0
3776,1,65,65,1,31,1,10,1,0
4074,1,65,65,1,31,1,2,1,0
4373,1,65,65,1,31,1,2,1,0
4672,1,65,65,1,31,1,4,1,0
4971,1,65,65,1,32,1,6,1,0
5269,1,65,65,1,32,1,9,1,0
5568,1,65,65,1,30,1,4,1,0
5866,1,65,65,1,30,1,1,1,0
6166,1,65,65,1,30,1,7,1,0
6465,1,65,65,1,30,1,10,1,0
6764,1,65,65,1,30,1,3,1,0
7062,1,65,65,1,32,1,8,1,0
7368,1,65,65,1,32,1,8,1,0
7666,1,65,65,1,31,1,3,1,0
7965,1,65,65,1,31,1,9,1,0
8263,1,65,65,1,30,1,1,1,0
8562,1,65,65,1,31,1,4,1,0
8860,1,65,65,1,32,1,10,1,0
9159,1,65,65,1,32,1,3,1,0
9457,1,65,65,1,30,1,5,1,0
9756,1,65,65,1,31,1,10,1,0
10054,1,65,65,1,30,1,2,1,0
10353,1,65,65,1,30,1,8,1,0
10651,1,65,65,1,30,1,1,1,0
10950,1,65,65,1,30,1,5,1,0
11248,1,65,65,1,31,1,6,1,0
11546,1,65,65,1,32,1,1,1,0
11844,1,65,65,1,32,1,5,1,0
12143,1,65,65,1,31,1,1,1,0
12441,1,65,65,1,31,1,3,1,0
12740,1,65,65,1,31,1,5,1,0
13047,1,65,65,1,31,1,4,1,0
13345,1,65,65,1,31,1,2,1,0
13644,1,65,65,1,31,1,1,1,0
13942,1,65,65,1,31,1,7,1,0
14241,1,65,65,1,31,1,7,1,0
14539,1,65,65,1,30,1,2,1,0
14743,5,65,65,59,30,1,56,64,0
15041,5,65,65,59,32,1,31,64,0
15339,5,65,65,59,33,1,65,64,0
15637,5,65,65,59,33,1,20,64,0
15935,5,65,65,59,31,1,38,64,0
16233,5,65,65,59,30,1,34,64,0
16531,5,65,65,59,30,1,5,64,0
16748,5,65,65,5,30,1,1,57,0
17046,5,65,65,5,30,1,10,57,0
17344,5,65,65,5,31,1,1,57,0
17642,5,65,65,5,32,1,7,57,0
17947,5,65,65,5,33,1,3,57,0
18245,5,65,65,5,31,1,3,57,0
18543,5,65,65,5,30,1,4,57,0
18758,5,65,65,5,30,1,1,63,0
19056,5,65,65,5,30,1,10,63,0
19354,5,65,65,5,30,1,10,63,0
19654,5,65,65,5,31,1,6,63,0
19955,5,65,65,5,32,1,6,63,0
20253,5,65,65,5,33,1,10,63,0
20551,5,65,65,5,31,1,8,63,0
20762,5,65,94,5,30,1,10,50,0
21061,5,65,94,5,30,1,8,50,0
21359,5,65,94,5,30,1,5,50,0
21658,5,65,94,5,30,1,7,50,0
21957,5,65,94,5,31,1,10,50,0
22256,5,65,94,5,33,1,7,50,0
22554,5,65,94,5,33,1,5,50,0
22767,5,65,94,5,32,1,4,69,0
23074,5,65,94,5,30,1,6,69,0
23372,5,65,94,5,30,1,8,69,0
23671,5,65,94,5,30,1,7,69,0
23969,5,65,94,5,31,1,10,69,0
24268,5,65,94,5,33,1,5,69,0
24566,5,65,94,5,33,1,3,69,0
24773,5,65,94,5,33,1,6,50,0
25071,5,65,94,5,30,1,4,50,0
25370,5,65,94,5,30,1,9,50,0
25668,5,65,94,5,30,1,2,50,0
25967,5,65,94,5,30,1,1,50,0
26265,5,65,94,5,32,1,1,50,0
26564,5,65,94,5,33,1,8,50,0
26777,5,65,94,5,33,1,6,57,0
27076,5,65,94,5,31,1,7,57,0
27375,5,65,94,5,30,1,4,57,0
27674,5,65,94,5,30,1,2,57,0
27980,5,65,94,5,30,1,8,57,0
28279,5,65,94,5,31,1,3,57,0
28577,5,65,94,5,32,1,7,57,0
28782,5,65,94,5,32,1,9,56,0
29080,5,65,94,5,32,1,3,56,0
29378,5,65,94,5,31,1,2,56,0
29676,5,65,94,5,30,1,1,56,0
29974,5,65,94,5,30,1,1,56,0
30272,5,65,94,5,30,1,9,56,0
30571,5,65,94,5,31,1,2,56,0
30786,5,65,91,5,31,1,2,70,0
31085,5,65,91,5,33,1,5,70,0
31383,5,65,91,5,33,1,8,70,0
31681,5,65,91,5,30,1,5,70,0
31979,5,65,91,5,30,1,8,70,0
32277,5,65,91,5,30,1,6,70,0
32575,5,65,91,5,31,1,9,70,0
32793,5,74,91,5,31,1,2,53,0
33100,5,74,91,5,32,1,9,53,0
33398,5,74,91,5,32,1,8,53,0
33696,5,74,91,5,32,1,2,53,0
33994,5,74,91,5,30,1,8,53,0
34292,5,74,91,5,30,1,4,53,0
34590,5,74,91,5,30,1,10,53,0
34797,5,74,91,5,30,1,6,70,0
35095,5,74,91,5,31,1,1,70,0
35393,5,74,91,5,31,1,1,70,0
35691,5,74,91,5,32,1,4,70,0
35989,5,74,91,5,32,1,3,70,0
36287,5,74,91,5,31,1,5,70,0
36586,5,74,91,5,30,1,4,70,0
36802,5,74,95,5,30,1,8,62,0
37100,5,74,95,5,31,1,2,62,0
37398,5,74,95,5,31,1,1,62,0
37701,5,74,95,5,32,1,1,62,0
38000,5,74,95,5,32,1,8,62,0
38306,5,74,95,5,31,1,9,62,0
38605,5,74,95,5,30,1,7,62,0
38806,5,74,95,5,30,1,4,68,0
39105,5,74,95,5,31,1,8,68,0
39404,5,74,95,5,32,1,9,68,0
39703,5,74,95,5,31,1,4,68,0
40001,5,74,95,5,31,1,9,68,0
40300,5,74,95,5,31,1,9,68,0
40598,5,74,95,5,31,1,6,68,0
40815,5,74,95,5,31,1,4,58,0
41113,5,74,95,5,31,1,9,58,0
41411,5,74,95,5,31,1,1,58,0
41709,5,74,95,5,31,1,2,58,0
42008,5,74,95,5,31,1,7,58,0
42306,5,74,95,5,31,1,8,58,0
42605,5,74,95,5,31,1,1,58,0
42820,5,74,95,5,31,1,10,53,0
43127,5,74,95,5,31,1,8,53,0
43425,5,74,95,5,30,1,9,53,0
43723,5,74,95,5,31,1,4,53,0
44021,5,74,95,5,31,1,4,53,0
44319,5,74,95,5,31,1,1,53,0
44618,5,74,95,5,31,1,5,53,0
44825,5,74,95,5,32,1,6,68,0
45124,5,74,95,5,30,1,4,68,0
45422,5,74,95,5,30,1,3,68,0
45720,5,74,95,5,31,1,1,68,0
46018,5,74,95,5,31,1,8,68,0
46317,5,74,95,5,30,1,3,68,0
46615,5,74,95,5,30,1,1,68,0
46833,5,74,91,5,30,1,6,68,0
47131,5,74,91,5,31,1,1,68,0
47429,5,74,91,5,31,1,1,68,0
47727,5,74,91,5,32,1,7,68,0
48025,5,74,91,5,33,1,3,68,0
48331,5,74,91,5,31,1,6,68,0
48630,5,74,91,5,30,1,1,68,0
48839,5,74,91,5,30,1,8,66,0
49137,5,74,91,5,30,1,5,66,0
49436,5,74,91,5,31,1,2,66,0
49734,5,74,91,5,31,1,9,66,0
50032,5,74,91,5,32,1,7,66,0
50330,5,74,91,5,32,1,10,66,0
50628,5,74,91,5,32,1,1,66,0
50844,5,74,91,5,31,1,6,51,0
51142,5,74,91,5,30,1,6,51,0
51440,5,74,91,5,30,1,3,51,0
51738,5,74,91,5,31,1,5,51,0
52036,5,74,91,5,31,1,2,51,0
52334,5,74,91,5,31,1,7,51,0
52633,5,74,91,5,32,1,3,51,0
52874,5,65,65,5,32,1,9,50,0
53172,5,65,65,5,31,1,6,50,0
53479,5,65,65,5,30,1,1,50,0
53777,5,65,65,5,30,1,9,50,0
54075,5,65,65,5,31,1,4,50,0
54374,5,65,65,5,31,1,10,50,0
54673,5,65,65,5,31,1,7,50,0
54879,5,65,65,5,31,10,10,20,0
55177,5,65,65,5,32,10,1,20,0
55487,5,65,65,5,32,10,6,20,0
55789,5,65,65,5,31,10,3,20,0
56088,5,65,65,5,30,10,4,20,0
56387,5,65,65,5,30,10,5,20,0
56686,5,65,65,5,31,10,6,20,0
56886,5,65,95,5,31,1,1,59,0
57185,5,65,95,5,31,1,4,59,0
57484,5,65,95,5,32,1,6,59,0
57783,5,65,95,5,32,1,1,59,0
58081,5,65,95,5,31,1,6,59,0
58387,5,65,95,5,30,1,6,59,0
58685,5,65,95,5,30,1,6,59,0
58890,5,65,95,5,31,1,5,70,0
59188,5,65,95,5,31,1,9,70,0
59487,5,65,95,5,31,1,4,70,0
59785,5,65,95,5,32,1,4,70,0
60084,5,65,95,5,32,1,5,70,0
60382,5,65,95,5,32,1,1,70,0
60681,5,65,95,5,30,1,2,70,0
60901,5,65,95,66,30,1,5,56,0
61200,5,65,95,66,31,1,4,56,0
61498,5,65,95,66,31,1,1,56,0
61797,5,65,95,66,32,1,8,56,0
62095,5,65,95,66,33,1,10,56,0
62394,5,65,95,66,31,1,6,56,0
62692,5,65,95,66,31,1,10,56,0
62933,5,65,94,5,31,1,10,70,0
63240,5,65,94,5,31,1,1,70,0
63538,5,65,94,5,31,1,8,70,0
63836,5,65,94,5,30,1,8,70,0
64134,5,65,94,5,31,1,6,70,0
64433,5,65,94,5,31,1,8,70,0
64731,5,65,94,5,32,1,4,70,0
64937,5,65,94,5,32,1,7,66,0
65235,5,65,94,5,33,1,6,66,0
65533,5,65,94,5,30,1,3,66,0
65831,5,65,94,5,30,1,3,66,0
66129,5,65,94,5,30,1,6,66,0
66427,5,65,94,5,31,1,4,66,0
66726,5,65,94,5,31,1,4,66,0
66942,1,65,94,5,31,1,58,59,0
67240,1,65,94,5,32,1,48,59,0
67538,1,65,94,5,31,1,48,59,0
67836,1,65,94,5,30,1,60,59,0
68134,1,65,94,5,30,1,59,59,0
68440,1,65,94,5,31,1,42,59,0
68738,1,65,94,5,31,1,41,59,0
68946,1,65,95,5,31,1,7,67,0
69244,1,65,95,5,31,1,5,67,0
69542,1,65,95,5,32,1,2,67,0
69840,1,65,95,5,32,1,1,67,0
70138,1,65,95,5,30,1,1,67,0
70436,1,65,95,5,30,1,5,67,0
70734,1,65,95,5,31,1,7,67,0
70953,1,65,95,5,31,1,10,58,0
71252,1,65,95,5,31,1,8,58,0
71550,1,65,95,5,31,1,5,58,0
71849,1,65,95,5,31,1,10,58,0
72147,1,65,95,5,32,1,3,58,0
72445,1,65,95,5,31,1,6,58,0
72743,1,65,95,5,30,1,4,58,0
73029,1,65,95,5,30,1,3,70,0
73345,1,65,95,5,31,1,7,70,0
73644,1,65,95,5,31,1,3,70,0
73943,1,65,95,5,31,1,4,70,0
74242,1,65,95,5,31,1,8,70,0
74540,1,65,95,5,32,1,8,70,0
74839,1,65,95,5,32,1,4,70,0
75137,1,65,95,5,31,1,1,70,0
75436,1,65,95,5,30,1,8,70,0
75735,1,65,95,5,31,1,7,70,0
76034,1,65,95,5,31,1,7,70,0
76333,1,65,95,5,31,1,10,70,0
76632,1,65,95,5,31,1,9,70,0
76930,1,65,95,5,31,1,2,70,0
77229,1,65,95,5,31,1,8,70,0
77528,1,65,95,5,32,1,7,70,0
77827,1,65,95,5,32,1,1,70,0
78125,1,65,95,5,31,1,4,70,0
78424,1,65,95,5,30,1,9,70,0
78730,1,65,95,5,31,1,5,70,0
79029,1,65,95,5,31,1,1,52,0
79327,1,65,95,5,31,1,8,52,0
79626,1,65,95,5,31,1,9,52,0
79924,1,65,95,5,31,1,1,52,0
80223,1,65,95,5,32,1,5,52,0
80521,1,65,95,5,32,1,5,52,0
80819,1,65,95,5,31,1,1,52,0
81055,1,65,95,5,30,1,10,59,0
81354,1,65,95,5,30,1,6,59,0
81653,1,65,95,5,31,1,9,59,0
81952,1,65,95,5,31,1,2,59,0
82250,1,65,95,5,31,1,2,59,0
82548,1,65,95,5,32,1,10,59,0
82846,1,65,95,5,33,1,2,59,0
83059,1,65,95,5,31,1,3,70,0
83357,1,65,95,5,31,1,8,70,0
83664,1,65,95,5,31,1,3,70,0
83962,1,65,95,5,31,1,5,70,0
84260,1,65,95,5,31,1,6,70,0
84558,1,65,95,5,31,1,2,70,0
84856,1,65,95,5,32,1,4,70,0
85063,1,65,95,5,31,1,6,54,0
85361,1,65,95,5,31,1,9,54,0
85659,1,65,95,5,31,1,7,54,0
85957,1,65,95,5,31,1,3,54,0
86255,1,65,95,5,31,1,8,54,0
86553,1,65,95,5,31,1,9,54,0
86851,1,65,95,5,31,1,3,54,0
87067,1,65,95,5,31,1,8,61,0
87366,1,65,95,5,31,1,5,61,0
87664,1,65,95,5,31,1,4,61,0
87962,1,65,95,5,31,1,6,61,0
88260,1,65,95,5,31,1,10,61,0
88559,1,65,95,5,31,1,8,61,0
88865,1,65,95,5,31,1,7,61,0
89079,1,65,95,52,32,1,8,60,0
89377,1,65,95,52,33,1,6,60,0
89675,1,65,95,52,33,1,4,60,0
89973,1,65,95,52,31,1,1,60,0
90271,1,65,95,52,30,1,9,60,0
90569,1,65,95,52,30,1,7,60,0
90867,1,65,95,52,30,1,2,60,0
91083,1,65,95,57,31,1,8,69,0
91383,1,65,95,57,31,1,8,69,0
91690,1,65,95,57,31,1,9,69,0
91988,1,65,95,57,31,1,1,69,0
92287,1,65,95,57,31,1,10,69,0
92585,1,65,95,57,31,1,1,69,0
92884,1,65,95,57,31,1,1,69,0
93090,1,76,95,5,31,1,7,50,0
93389,1,76,95,5,32,1,2,50,0
93696,1,76,95,5,31,1,4,50,0
93994,1,76,95,5,31,1,10,50,0
94293,1,76,95,5,31,1,4,50,0
94591,1,76,95,5,31,1,9,50,0
94890,1,76,95,5,31,1,1,50,0
95098,1,76,94,5,30,1,5,50,0
95397,1,76,94,5,31,1,4,50,0
95695,1,76,94,5,30,1,10,50,0
95994,1,76,94,5,32,1,9,50,0
96292,1,76,94,5,34,1,2,50,0
96591,1,76,94,5,32,1,3,50,0
96889,1,76,94,5,31,1,2,50,0
97103,1,76,94,5,31,1,5,57,0
97401,1,76,94,5,31,1,5,57,0
97699,1,76,94,5,31,1,4,57,0
97997,1,76,94,5,30,1,6,57,0
98296,1,76,94,5,30,1,10,57,0
98594,1,76,94,5,30,1,6,57,0
98899,1,76,94,5,31,1,8,57,0
99107,1,94,92,5,31,1,9,59,0
99405,1,94,92,5,32,1,2,59,0
99703,1,94,92,5,32,1,9,59,0
100001,1,94,92,5,31,1,4,59,0
100299,1,94,92,5,31,1,10,59,0
100597,1,94,92,5,32,1,6,59,0
100895,1,94,92,5,31,1,10,59,0
101119,1,94,92,5,31,1,10,50,0
101417,1,94,92,5,31,1,9,50,0
101715,1,94,92,5,31,1,5,50,0
102013,1,94,92,5,31,1,4,50,0
102311,1,94,92,5,31,1,2,50,0
102610,1,94,92,5,31,1,2,50,0
102909,1,94,92,5,31,1,7,50,0
103124,1,94,92,5,31,1,5,70,0
103422,1,94,92,5,31,1,8,70,0
103727,1,94,92,5,31,1,3,70,0
104025,1,94,92,5,32,1,6,70,0
104324,1,94,92,5,32,1,2,70,0
104622,1,94,92,5,33,1,3,70,0
104921,1,94,92,5,31,1,3,70,0
105130,1,94,95,5,30,1,3,52,0
105429,1,94,95,5,30,1,4,52,0
105727,1,94,95,5,30,1,2,52,0
106026,1,94,95,5,31,1,5,52,0
106324,1,94,95,5,31,1,5,52,0
106623,1,94,95,5,32,1,8,52,0
106921,1,94,95,5,33,1,3,52,0
107135,1,94,95,5,32,1,5,52,0
107433,1,94,95,5,31,1,4,52,0
107731,1,94,95,5,31,1,2,52,0
108029,1,94,95,5,31,1,4,52,0
108327,1,94,95,5,31,1,6,52,0
108634,1,94,95,5,31,1,7,52,0
108931,1,94,95,5,31,1,10,52,0
109140,1,89,95,5,31,1,7,62,0
109437,1,89,95,5,31,1,7,62,0
109737,1,89,95,5,31,1,10,62,0
110034,1,89,95,5,31,1,4,62,0
110334,1,89,95,5,31,1,9,62,0
110631,1,89,95,5,30,1,8,62,0
110931,1,89,95,5,31,1,5,62,0
111145,1,89,95,57,32,1,7,52,0
111445,1,89,95,57,32,1,9,52,0
111742,1,89,95,57,32,1,6,52,0
112042,1,89,95,57,30,1,5,52,0
112339,1,89,95,57,31,1,5,52,0
112639,1,89,95,57,30,1,10,52,0
112936,1,89,95,57,30,1,1,52,0
113150,1,89,95,5,31,1,4,70,0
113456,1,89,95,5,31,1,4,70,0
113754,1,89,95,5,31,1,5,70,0
114053,1,89,95,5,31,1,8,70,0
114351,1,89,95,5,31,1,3,70,0
114650,1,89,95,5,32,1,8,70,0
114948,1,89,95,5,32,1,7,70,0
115155,1,89,91,5,31,1,10,51,0
115467,1,89,91,5,31,1,3,51,0
115764,1,89,91,5,31,1,9,51,0
116064,1,89,91,5,31,1,5,51,0
116361,1,89,91,5,31,1,4,51,0
116661,1,89,91,5,31,1,9,51,0
116958,1,89,91,5,32,1,3,51,0
117159,1,89,91,5,32,1,5,57,0
117456,1,89,91,5,31,1,8,57,0
117756,1,89,91,5,30,1,9,57,0
118053,1,89,91,5,30,1,7,57,0
118360,1,89,91,5,31,1,2,57,0
118659,1,89,91,5,31,1,1,57,0
118957,1,89,91,5,33,1,3,57,0
119164,1,100,91,5,32,1,9,54,0
119463,1,100,91,5,31,1,9,54,0
119762,1,100,91,5,31,1,9,54,0
120060,1,100,91,5,31,1,9,54,0
120359,1,100,91,5,31,1,6,54,0
120658,1,100,91,5,31,1,10,54,0
120957,1,100,91,5,31,1,10,54,0
121173,1,100,94,5,30,1,4,57,0
121472,1,100,94,5,30,1,7,57,0
121771,1,100,94,5,31,1,10,57,0
122070,1,100,94,5,31,1,7,57,0
122368,1,100,94,5,32,1,7,57,0
122667,1,100,94,5,32,1,1,57,0
122974,1,100,94,5,30,1,3,57,0
123271,1,100,94,5,30,1,1,57,0
123571,1,100,94,5,30,1,5,57,0
123868,1,100,94,5,31,1,6,57,0
124168,1,100,94,5,31,1,2,57,0
124465,1,100,94,5,31,1,2,57,0
124765,1,100,94,5,32,1,10,57,0
125062,1,100,94,5,31,1,7,57,0
125362,1,100,94,5,31,1,1,57,0
125659,1,100,94,5,31,1,7,57,0
125959,1,100,94,5,31,1,4,57,0
126256,1,100,94,5,31,1,4,57,0
126556,1,100,94,5,31,1,6,57,0
126853,1,100,94,5,31,1,9,57,0
127153,1,100,94,5,31,1,2,57,0
127450,1,100,94,5,30,1,6,52,0
127750,1,100,94,5,31,1,10,52,0
128056,1,100,94,5,32,1,8,52,0
128355,1,100,94,5,31,1,8,52,0
128654,1,100,94,5,31,1,7,52,0
128952,1,100,94,5,31,1,8,52,0
129251,1,100,94,5,31,1,8,52,0
129473,1,67,94,5,31,1,3,56,0
129772,1,67,94,5,30,1,5,56,0
130070,1,67,94,5,31,1,7,56,0
130369,1,67,94,5,32,1,8,56,0
130667,1,67,94,5,32,1,10,56,0
130966,1,67,94,5,33,1,1,56,0
131264,1,67,94,5,31,1,2,56,0
131478,1,67,93,5,30,1,7,70,0
131776,1,67,93,5,31,1,3,70,0
132075,1,67,93,5,31,1,4,70,0
132373,1,67,93,5,31,1,1,70,0
132664,1,67,93,5,31,1,1,70,0
132963,1,67,93,5,31,1,7,70,0
133262,1,67,93,5,31,1,3,70,0
133558,1,67,93,5,31,1,7,70,0
133856,1,67,93,5,31,1,5,70,0
134154,1,67,93,5,31,1,6,70,0
134453,1,67,93,5,31,1,8,70,0
134751,1,67,93,5,31,1,8,70,0
135050,1,67,93,5,31,1,6,70,0
135348,1,67,93,5,31,1,9,70,0
135562,5,67,93,53,31,1,23,51,0
135860,5,67,93,53,32,1,5,51,0
136159,5,67,93,53,31,1,63,51,0
136457,5,67,93,53,30,1,31,51,0
136756,5,67,93,53,30,1,20,51,0
137054,5,67,93,53,30,1,62,51,0
137353,5,67,93,53,31,1,42,51,0
137567,1,67,95,5,31,1,41,63,0
137864,1,67,95,5,32,1,43,63,0
138164,1,67,95,5,31,1,29,63,0
138461,1,67,95,5,31,1,9,63,0
138761,1,67,95,5,31,1,9,63,0
139058,1,67,95,5,31,1,54,63,0
139358,1,67,95,5,31,1,3,63,0
139585,1,83,95,5,30,1,2,67,0
139885,1,83,95,5,30,1,4,67,0
140182,1,83,95,5,31,1,9,67,0
140482,1,83,95,5,31,1,8,67,0
140779,1,83,95,5,32,1,2,67,0
141079,1,83,95,5,32,1,10,67,0
141376,1,83,95,5,31,1,3,67,0
141594,1,83,95,5,30,1,3,57,0
141891,1,83,95,5,30,1,3,57,0
142191,1,83,95,5,31,1,1,57,0
142496,1,83,95,5,31,1,4,57,0
142795,1,83,95,5,31,1,9,57,0
143093,1,83,95,5,32,1,10,57,0
143391,1,83,95,5,31,1,3,57,0
143690,1,83,95,5,31,1,3,57,0
143989,1,83,95,5,31,1,9,57,0
144288,1,83,95,5,31,1,7,57,0
144586,1,83,95,5,31,1,3,57,0
144885,1,83,95,5,31,1,8,57,0
145183,1,83,95,5,31,1,4,57,0
145482,1,83,95,5,31,1,3,57,0
145780,1,83,94,5,31,1,5,60,0
146079,1,83,94,5,31,1,7,60,0
146378,1,83,94,5,31,1,1,60,0
146677,1,83,94,5,33,1,6,60,0
146975,1,83,94,5,33,1,6,60,0
147273,1,83,94,5,31,1,9,60,0
147580,1,83,94,5,30,1,5,60,0
147877,1,83,94,5,31,1,7,60,0
148177,1,83,94,5,32,1,6,60,0
148474,1,83,94,5,31,1,6,60,0
148774,1,83,94,5,31,1,5,60,0
149071,1,83,94,5,31,1,5,60,0
149371,1,83,94,5,31,1,4,60,0
149668,1,83,94,5,31,1,9,60,0
149889,1,70,95,5,31,1,5,62,0
150186,1,70,95,5,31,1,2,62,0
150486,1,70,95,5,31,1,10,62,0
150789,1,70,95,5,32,1,8,62,0
151087,1,70,95,5,31,1,5,62,0
151386,1,70,95,5,31,1,7,62,0
151685,1,70,95,5,31,1,5,62,0
151895,1,70,95,5,31,1,2,50,0
152194,1,70,95,5,31,1,8,50,0
152501,1,70,95,5,31,1,9,50,0
152798,1,70,95,5,31,1,6,50,0
153098,1,70,95,5,31,1,10,50,0
153395,1,70,95,5,30,1,10,50,0
153695,1,70,95,5,31,1,6,50,0
153952,1,70,95,5,32,1,9,49,0
154252,1,70,95,5,32,1,8,49,0
154549,1,70,95,5,31,1,1,49,0
154849,1,70,95,5,30,1,9,49,0
155146,1,70,95,5,31,1,7,49,0
155446,1,70,95,5,31,1,8,49,0
155743,1,70,95,5,31,1,6,49,0
155956,1,70,95,5,31,1,5,50,0
156253,1,70,95,5,31,1,9,50,0
156553,1,70,95,5,32,1,3,50,0
156850,1,70,95,5,33,1,7,50,0
157150,1,70,95,5,32,1,10,50,0
157456,1,70,95,5,31,1,3,50,0
157754,1,70,95,5,31,1,7,50,0
157961,1,70,95,5,31,1,2,56,0
158259,1,70,95,5,31,1,8,56,0
158558,1,70,95,5,31,1,2,56,0
158856,1,70,95,5,30,1,3,56,0
159155,1,70,95,5,30,1,5,56,0
159453,1,70,95,5,31,1,2,56,0
159752,1,70,95,5,31,1,3,56,0
159966,1,69,95,5,31,1,8,70,0
160265,1,69,95,5,31,1,4,70,0
160563,1,69,95,5,31,1,6,70,0
160862,1,69,95,5,30,1,9,70,0
161160,1,69,95,5,31,1,6,70,0
161459,1,69,95,5,32,1,9,70,0
161757,1,69,95,5,30,1,1,70,0
161970,1,69,95,5,31,1,8,56,0
162277,1,69,95,5,31,1,10,56,0
162574,1,69,95,5,31,1,9,56,0
162874,1,69,95,5,31,1,2,56,0
163171,1,69,95,5,31,1,8,56,0
163471,1,69,95,5,31,1,7,56,0
163768,1,69,95,5,31,1,9,56,0
163974,1,69,95,5,31,1,5,50,0
164271,1,69,95,5,31,1,1,50,0
164571,1,69,95,5,31,1,10,50,0
164868,1,69,95,5,31,1,8,50,0
165168,1,69,95,5,31,1,9,50,0
165465,1,69,95,5,31,1,2,50,0
165765,1,69,95,5,32,1,7,50,0
165978,1,69,95,5,31,1,7,70,0
166278,1,69,95,5,30,1,9,70,0
166575,1,69,95,5,30,1,1,70,0
166875,1,69,95,5,30,1,1,70,0
167181,1,69,95,5,31,1,5,70,0
167479,1,69,95,5,31,1,3,70,0
167778,1,69,95,5,32,1,7,70,0
167984,1,69,95,5,32,1,9,70,0
168283,1,69,95,5,31,1,2,70,0
168581,1,69,95,5,31,1,9,70,0
168879,1,69,95,5,31,1,7,70,0
169178,1,69,95,5,30,1,8,70,0
169477,1,69,95,5,30,1,3,70,0
169775,1,69,95,5,31,1,9,70,0
169988,1,77,95,5,32,1,8,50,0
170287,1,77,95,5,33,1,8,50,0
170586,1,77,95,5,31,1,9,50,0
170884,1,77,95,5,31,1,5,50,0
171182,1,77,95,5,31,1,1,50,0
171480,1,77,95,5,31,1,4,50,0
171779,1,77,95,5,30,1,10,50,0
171994,1,77,95,5,30,1,10,61,0
172291,1,77,95,5,30,1,5,61,0
172591,1,77,95,5,31,1,2,61,0
172888,1,77,95,5,31,1,5,61,0
173188,1,77,95,5,32,1,2,61,0
173485,1,77,95,5,32,1,7,61,0
173785,1,77,95,5,30,1,9,61,0
173998,1,77,84,5,30,1,6,70,0
174298,1,77,84,5,30,1,4,70,0
174595,1,77,84,5,30,1,8,70,0
174895,1,77,84,5,31,1,4,70,0
175192,1,77,84,5,32,1,2,70,0
175492,1,77,84,5,32,1,5,70,0
175789,1,77,84,5,32,1,10,70,0
176003,1,77,84,5,31,1,4,70,0
176300,1,77,84,5,30,1,4,70,0
176600,1,77,84,5,30,1,5,70,0
176906,1,77,84,5,30,1,6,70,0
177205,1,77,84,5,31,1,7,70,0
177504,1,77,84,5,32,1,9,70,0
177802,1,77,84,5,33,1,5,70,0
178009,5,77,84,5,33,1,63,67,0
178307,5,77,84,5,31,1,30,67,0
178606,5,77,84,5,30,1,46,67,0
178904,5,77,84,5,30,1,57,67,0
179203,5,77,84,5,30,1,30,67,0
179501,5,77,84,5,31,1,64,67,0
179800,5,77,84,5,32,1,43,67,0
180016,5,81,95,5,32,1,10,53,0
180315,5,81,95,5,32,1,3,53,0
180613,5,81,95,5,30,1,1,53,0
180912,5,81,95,5,30,1,7,53,0
181210,5,81,95,5,30,1,7,53,0
181509,5,81,95,5,30,1,1,53,0
181816,5,81,95,5,32,1,4,53,0
182020,5,81,95,5,33,1,3,50,0
182320,5,81,95,5,33,1,9,50,0
182617,5,81,95,5,31,1,6,50,0
182917,5,81,95,5,30,1,7,50,0
183214,5,81,95,5,30,1,8,50,0
183514,5,81,95,5,30,1,10,50,0
183811,5,81,95,5,31,1,6,50,0
184025,5,81,95,5,31,1,2,70,0
184322,5,81,95,5,32,1,8,70,0
184622,5,81,95,5,32,1,3,70,0
184919,5,81,95,5,30,1,3,70,0
185219,5,81,95,5,30,1,9,70,0
185527,5,81,95,5,30,1,2,70,0
185824,5,81,95,5,31,1,6,70,0
186030,5,81,95,5,32,1,5,70,0
186329,5,81,95,5,33,1,7,70,0
186636,5,81,95,5,31,1,6,70,0
186933,5,81,95,5,29,1,3,70,0
187233,5,81,95,5,30,1,5,70,0
187530,5,81,95,5,31,1,1,70,0
187830,5,81,95,5,32,1,8,70,0
188035,5,81,95,5,33,1,8,64,0
188335,5,81,95,5,32,1,6,64,0
188632,5,81,95,5,30,1,3,64,0
188932,5,81,95,5,30,1,9,64,0
189229,5,81,95,5,30,1,8,64,0
189529,5,81,95,5,30,1,8,64,0
189826,5,81,95,5,31,1,10,64,0
190041,5,86,95,5,32,1,6,70,0
190338,5,86,95,5,32,1,8,70,0
190638,5,86,95,5,30,1,8,70,0
190935,5,86,95,5,30,1,4,70,0
191235,5,86,95,5,30,1,4,70,0
191541,5,86,95,5,30,1,9,70,0
191840,5,86,95,5,32,1,4,70,0
192049,5,86,95,5,32,1,6,62,0
192347,5,86,95,5,32,1,6,62,0
192646,5,86,95,5,30,1,10,62,0
192945,5,86,95,5,30,1,10,62,0
193244,5,86,95,5,30,1,4,62,0
193542,5,86,95,5,31,1,6,62,0
193841,5,86,95,5,32,1,8,62,0
194059,5,86,95,5,33,1,10,65,0
194358,5,86,95,5,32,1,1,65,0
194656,5,86,95,5,30,1,9,65,0
194955,5,86,95,5,30,1,9,65,0
195254,5,86,95,5,30,1,9,65,0
195553,5,86,95,5,31,1,4,65,0
195851,5,86,95,5,32,1,5,65,0
196063,5,86,92,5,32,1,2,55,0
196370,5,86,92,5,32,1,1,55,0
196667,5,86,92,5,30,1,3,55,0
196967,5,86,92,5,30,1,4,55,0
197264,5,86,92,5,30,1,6,55,0
197564,5,86,92,5,31,1,3,55,0
197861,5,86,92,5,32,1,10,55,0
198068,5,86,92,5,32,1,6,57,0
198365,5,86,92,5,31,1,10,57,0
198666,5,86,92,5,31,1,1,57,0
198963,5,86,92,5,31,1,5,57,0
199263,5,86,92,5,31,1,10,57,0
199560,5,86,92,5,31,1,3,57,0
199860,5,86,92,5,32,1,1,57,0
200079,5,70,94,5,32,1,8,55,0
200379,5,70,94,5,31,1,1,55,0
200676,5,70,94,5,30,1,8,55,0
200976,5,70,94,5,31,1,6,55,0
201282,5,70,94,5,32,1,4,55,0
201580,5,70,94,5,33,1,9,55,0
201879,5,70,94,5,30,1,1,55,0
202083,5,70,94,5,31,1,4,50,0
202382,5,70,94,5,31,1,5,50,0
202680,5,70,94,5,31,1,1,50,0
202979,5,70,94,5,29,1,10,50,0
203277,5,70,94,5,31,1,7,50,0
203576,5,70,94,5,32,1,7,50,0
203874,5,70,94,5,31,1,1,50,0
204173,5,87,94,65,29,1,7,70,0
204471,5,87,94,65,30,1,9,70,0
204770,5,87,94,65,30,1,8,70,0
205068,5,87,94,65,31,1,9,70,0
205367,5,87,94,65,32,1,7,70,0
205665,5,87,94,65,31,1,6,70,0
205964,5,87,94,65,30,1,3,70,0
206271,5,87,95,5,30,1,5,67,0
206568,5,87,95,5,30,1,7,67,0
206868,5,87,95,5,31,1,7,67,0
207165,5,87,95,5,31,1,6,67,0
207465,5,87,95,5,32,1,5,67,0
207762,5,87,95,5,31,1,4,67,0
208062,5,87,95,5,30,1,6,67,0
208279,5,87,95,5,30,1,6,63,0
208579,5,87,95,5,31,1,10,63,0
208876,5,87,95,5,31,1,10,63,0
209176,5,87,95,5,31,1,4,63,0
209473,5,87,95,5,31,1,10,63,0
209773,5,87,95,5,32,1,3,63,0
210070,5,87,95,5,31,1,8,63,0
210284,5,87,95,5,30,1,10,65,0
210581,5,87,95,5,30,1,7,65,0
210881,5,87,95,5,31,1,4,65,0
211187,5,87,95,5,31,1,9,65,0
211485,5,87,95,5,31,1,6,65,0
211784,5,87,95,5,32,1,8,65,0
212082,5,87,95,5,31,1,4,65,0
212290,5,87,90,5,31,1,9,50,0
212588,5,87,90,5,30,1,10,50,0
212887,5,87,90,5,31,1,5,50,0
213185,5,87,90,5,31,1,6,50,0
213484,5,87,90,5,31,1,1,50,0
213782,5,87,90,5,31,1,7,50,0
214081,5,87,90,5,32,1,5,50,0
214373,5,87,90,5,31,1,1,70,0
214672,5,87,90,5,30,1,1,70,0
214970,5,87,90,5,30,1,10,70,0
215269,5,87,90,5,31,1,3,70,0
215567,5,87,90,5,31,1,6,70,0
215865,5,87,90,5,31,1,2,70,0
216172,5,87,90,5,32,1,5,70,0
216378,5,87,95,5,32,1,5,50,0
216678,5,87,95,5,31,1,4,50,0
216975,5,87,95,5,30,1,7,50,0
217275,5,87,95,5,30,1,4,50,0
217572,5,87,95,5,30,1,6,50,0
217872,5,87,95,5,31,1,4,50,0
218169,5,87,95,5,31,1,8,50,0
218384,5,87,95,5,32,1,2,59,0
218681,5,87,95,5,32,1,9,59,0
218981,5,87,95,5,31,1,2,59,0
219278,5,87,95,5,30,1,3,59,0
219578,5,87,95,5,30,1,2,59,0
219875,5,87,95,5,30,1,7,59,0
220175,5,87,95,5,31,1,4,59,0
220390,5,78,95,5,31,1,10,57,0
220687,5,78,95,5,32,1,5,57,0
220994,5,78,95,5,32,1,1,57,0
221291,5,78,95,5,31,1,3,57,0
221591,5,78,95,5,30,1,3,57,0
221888,5,78,95,5,30,1,6,57,0
222188,5,78,95,5,31,1,3,57,0
222394,5,78,92,5,31,1,7,63,0
222694,5,78,92,5,31,1,4,63,0
222991,5,78,92,5,32,1,8,63,0
223291,5,78,92,5,32,1,5,63,0
223588,5,78,92,5,31,1,9,63,0
223888,5,78,92,5,30,1,2,63,0
224185,5,78,92,5,30,1,10,63,0
224485,5,78,92,5,31,1,4,63,0
224782,5,78,92,5,31,1,8,63,0
225082,5,78,92,5,31,1,8,63,0
225379,5,78,92,5,31,1,4,63,0
225679,5,78,92,5,32,1,1,63,0
225985,5,78,92,5,32,1,4,63,0
226284,5,78,92,5,31,1,10,63,0
226583,5,78,95,5,30,1,8,55,0
226882,5,78,95,5,30,1,2,55,0
227181,5,78,95,5,31,1,10,55,0
227480,5,78,95,5,31,1,6,55,0
227779,5,78,95,5,31,1,6,55,0
228077,5,78,95,5,32,1,10,55,0
228376,5,78,95,5,32,1,9,55,0
228675,5,78,95,5,31,1,10,63,0
228974,5,78,95,5,30,1,3,63,0
229272,5,78,95,5,30,1,2,63,0
229571,5,78,95,5,31,1,1,63,0
229869,5,78,95,5,31,1,1,63,0
230168,5,78,95,5,31,1,6,63,0
230467,5,78,95,5,32,1,2,63,0
230683,5,78,95,5,32,1,1,50,0
230990,5,78,95,5,32,1,5,50,0
231287,5,78,95,5,30,1,5,50,0
231587,5,78,95,5,30,1,8,50,0
231884,5,78,95,5,31,1,9,50,0
232184,5,78,95,5,31,1,4,50,0
232481,5,78,95,5,31,1,7,50,0
232688,5,78,94,5,31,1,5,59,0
232985,5,78,94,5,32,1,4,59,0
233285,5,78,94,5,32,1,7,59,0
233582,5,78,94,5,31,1,8,59,0
233882,5,78,94,5,30,1,9,59,0
234179,5,78,94,5,30,1,5,59,0
234479,5,78,94,5,31,1,7,59,0
234776,5,78,94,5,31,1,4,59,0
234996,5,76,94,5,31,1,1,50,0
235293,5,76,94,5,31,1,10,50,0
235593,5,76,94,5,32,1,6,50,0
235899,5,76,94,5,31,1,3,50,0
236197,5,76,94,5,30,1,7,50,0
236496,5,76,94,5,30,1,10,50,0
236795,5,76,94,5,31,1,4,50,0
237001,5,76,94,5,31,1,10,68,0
237299,5,76,94,5,31,1,4,68,0
237598,5,76,94,5,32,1,5,68,0
237896,5,76,94,5,32,1,10,68,0
238195,5,76,94,5,31,1,5,68,0
238493,5,76,94,5,30,1,3,68,0
238792,5,76,94,5,30,1,4,68,0
239014,5,76,95,5,31,1,4,53,0
239313,5,76,95,5,31,1,2,53,0
239611,5,76,95,5,32,1,10,53,0
239910,5,76,95,5,32,1,8,53,0
240209,5,76,95,5,32,1,10,53,0
240508,5,76,95,5,31,1,7,53,0
240815,5,76,95,5,30,1,3,53,0
241026,5,78,95,5,30,1,4,65,0
241326,5,78,95,5,31,1,5,65,0
241623,5,78,95,5,31,1,9,65,0
241923,5,78,95,5,31,1,10,65,0
242220,5,78,95,5,32,1,6,65,0
242520,5,78,95,5,32,1,1,65,0
242817,5,78,95,5,31,1,3,65,0
243030,5,78,94,5,30,1,8,57,0
243327,5,78,94,5,30,1,7,57,0
243627,5,78,94,5,30,1,3,57,0
243924,5,78,94,5,31,1,4,57,0
244224,5,78,94,5,32,1,9,57,0
244521,5,78,94,5,33,1,1,57,0
244821,5,78,94,5,31,1,6,57,0
245118,5,78,94,5,30,1,6,57,0
245334,5,78,94,5,30,1,8,49,0
245640,5,78,94,5,30,1,10,49,0
245938,5,78,94,5,31,1,10,49,0
246237,5,78,94,5,31,1,7,49,0
246535,5,78,94,5,31,1,10,49,0
246834,5,78,94,5,32,1,9,49,0
247133,5,78,94,5,32,1,7,49,0
247340,5,78,94,5,31,1,4,70,0
247638,5,78,94,5,30,1,5,70,0
247937,5,78,94,5,30,1,9,70,0
248236,5,78,94,5,31,1,9,70,0
248535,5,78,94,5,31,1,7,70,0
248833,5,78,94,5,31,1,4,70,0
249132,5,78,94,5,32,1,3,70,0
249343,5,78,95,5,32,1,2,59,0
249642,5,78,95,5,31,1,10,59,0
249941,5,78,95,5,30,1,1,59,0
250240,5,78,95,5,30,1,7,59,0
250547,5,78,95,5,31,1,9,59,0
250844,5,78,95,5,31,1,4,59,0
251144,5,78,95,5,31,1,8,59,0
251347,5,86,95,5,31,1,8,65,0
251647,5,86,95,5,32,1,2,65,0
251944,5,86,95,5,32,1,9,65,0
252244,5,86,95,5,31,1,9,65,0
252541,5,86,95,5,30,1,7,65,0
252841,5,86,95,5,30,1,3,65,0
253138,5,86,95,5,31,1,8,65,0
253353,5,86,95,5,31,1,6,57,0
253650,5,86,95,5,31,1,5,57,0
253950,5,86,95,5,32,1,5,57,0
254247,5,86,95,5,32,1,8,57,0
254547,5,86,95,5,31,1,4,57,0
254844,5,86,95,5,30,1,9,57,0
255144,5,86,95,5,30,1,8,57,0
255459,5,86,95,5,31,1,1,57,0
255679,5,86,96,5,31,1,9,49,0
255979,5,86,96,5,31,1,5,49,0
256276,5,86,96,5,32,1,6,49,0
256576,5,86,96,5,31,1,2,49,0
256873,5,86,96,5,30,1,8,49,0
257173,5,86,96,5,30,1,8,49,0
257470,5,86,96,5,31,1,3,49,0
257688,5,86,96,5,31,1,6,62,0
257985,5,86,96,5,31,1,1,62,0
258285,5,86,96,5,31,1,6,62,0
258582,5,86,96,5,32,1,6,62,0
258882,5,86,96,5,31,1,5,62,0
259179,5,86,96,5,30,1,2,62,0
259479,5,86,96,5,30,1,7,62,0
259692,5,86,95,5,31,1,4,53,0
259992,5,86,95,5,31,1,1,53,0
260297,5,86,95,5,31,1,9,53,0
260595,5,86,95,5,32,1,5,53,0
260893,5,86,95,5,32,1,10,53,0
261191,5,86,95,5,31,1,6,53,0
261489,5,86,95,5,30,1,4,53,0
261701,5,76,95,5,30,1,8,70,0
261999,5,76,95,5,31,1,1,70,0
262297,5,76,95,5,31,1,1,70,0
262595,5,76,95,5,31,1,9,70,0
262893,5,76,95,5,32,1,9,70,0
263191,5,76,95,5,32,1,1,70,0
263489,5,76,95,5,31,1,7,70,0
263707,5,76,95,5,30,1,2,53,0
264005,5,76,95,5,30,1,4,53,0
264303,5,76,95,5,31,1,7,53,0
264601,5,76,95,5,31,1,9,53,0
264899,5,76,95,5,32,1,4,53,0
265204,5,76,95,5,32,1,2,53,0
265503,5,76,95,5,31,1,3,53,0
265739,5,76,95,5,30,1,5,49,0
266038,5,76,95,5,30,1,2,49,0
266336,5,76,95,5,30,1,3,49,0
266635,5,76,95,5,31,1,9,49,0
266933,5,76,95,5,31,1,2,49,0
267231,5,76,95,5,31,1,10,49,0
267529,5,76,95,5,32,1,9,49,0
267744,5,76,95,5,32,1,2,57,0
268042,5,76,95,5,31,1,5,57,0
268340,5,76,95,5,30,1,4,57,0
268638,5,76,95,5,30,1,9,57,0
268936,5,76,95,5,31,1,7,57,0
269234,5,76,95,5,31,1,4,57,0
269532,5,76,95,5,31,1,9,57,0
269749,5,76,95,5,31,1,5,67,0
270056,5,76,95,5,32,1,8,67,0
270354,5,76,95,5,32,1,10,67,0
270652,5,76,95,5,31,1,6,67,0
270950,5,76,95,5,30,1,2,67,0
271248,5,76,95,5,31,1,8,67,0
271546,5,76,95,5,31,1,8,67,0
271753,5,78,95,5,31,1,6,50,0
272051,5,78,95,5,31,1,6,50,0
272349,5,78,95,5,32,1,3,50,0
272647,5,78,95,5,31,1,9,50,0
272945,5,78,95,5,30,1,5,50,0
273243,5,78,95,5,30,1,2,50,0
273541,5,78,95,5,31,1,5,50,0
273759,5,78,95,5,31,1,9,58,0
274057,5,78,95,5,31,1,9,58,0
274355,5,78,95,5,32,1,6,58,0
274653,5,78,95,5,32,1,8,58,0
274959,5,78,95,5,31,1,4,58,0
275257,5,78,95,5,30,1,6,58,0
275557,5,78,95,5,30,1,2,58,0
275869,5,78,95,5,31,1,7,58,0
276168,5,78,95,5,31,1,6,58,0
276467,5,78,95,5,31,1,8,58,0
276766,5,78,95,5,32,1,10,58,0
277065,5,78,95,5,32,1,5,58,0
277364,5,78,95,5,31,1,7,58,0
277663,5,78,95,5,30,1,10,58,0
277962,5,75,94,60,30,1,4,69,0
278261,5,75,94,60,31,1,4,69,0
278560,5,75,94,60,32,1,9,69,0
278859,5,75,94,60,31,1,4,69,0
279158,5,75,94,60,30,1,3,69,0
279457,5,75,94,60,30,1,6,69,0
279756,5,75,94,60,31,1,10,69,0
279991,5,75,94,5,31,1,7,57,0
280290,5,75,94,5,31,1,8,57,0
280589,5,75,94,5,32,1,8,57,0
280888,5,75,94,5,32,1,4,57,0
281187,5,75,94,5,31,1,3,57,0
281486,5,75,94,5,30,1,5,57,0
281785,5,75,94,5,30,1,8,57,0
281996,5,75,95,5,31,1,1,70,0
282295,5,75,95,5,31,1,3,70,0
282594,5,75,95,5,31,1,1,70,0
282893,5,75,95,5,31,1,2,70,0
283192,5,75,95,5,32,1,7,70,0
283491,5,75,95,5,31,1,2,70,0
283790,5,75,95,5,30,1,9,70,0
284000,5,75,95,5,30,1,8,50,0
284299,5,75,95,5,31,1,6,50,0
284598,5,75,95,5,31,1,2,50,0
284904,5,75,95,5,31,1,9,50,0
285203,5,75,95,5,31,1,1,50,0
285502,5,75,95,5,31,1,7,50,0
285801,5,75,95,5,32,1,6,50,0
286100,5,75,95,5,31,1,4,50,0
286399,5,75,95,5,31,1,5,50,0
286698,5,75,95,5,30,1,5,50,0
286997,5,75,95,5,31,1,6,50,0
287296,5,75,95,5,31,1,1,50,0
287595,5,75,95,5,31,1,3,50,0
287894,5,75,95,5,31,1,3,50,0
288193,5,83,94,5,32,1,4,64,0
288492,5,83,94,5,31,1,2,64,0
288791,5,83,94,5,31,1,4,64,0
289090,5,83,94,5,30,1,9,64,0
289389,5,83,94,5,31,1,1,64,0
289688,5,83,94,5,31,1,1,64,0
289995,5,83,94,5,31,1,3,64,0
290294,5,83,94,5,31,1,8,64,0
290593,5,83,94,5,32,1,3,64,0
290892,5,83,94,5,31,1,1,64,0
291191,5,83,94,5,30,1,3,64,0
291490,5,83,94,5,30,1,6,64,0
291789,5,83,94,5,31,1,10,64,0
292088,5,83,94,5,31,1,3,64,0
292298,5,83,94,5,31,1,3,50,0
292597,5,83,94,5,31,1,3,50,0
292896,5,83,94,5,32,1,2,50,0
293195,5,83,94,5,31,1,3,50,0
293494,5,83,94,5,30,1,5,50,0
293793,5,83,94,5,30,1,7,50,0
294096,5,83,94,5,31,1,6,50,0
294304,5,83,94,5,31,1,5,51,0
294603,5,83,94,5,31,1,5,51,0
294909,5,83,94,5,32,1,7,51,0
295208,5,83,94,5,32,1,10,51,0
295508,5,83,94,5,31,1,4,51,0
295807,5,83,94,5,30,1,8,51,0
296106,5,83,94,5,31,1,7,51,0
296309,5,103,94,5,31,1,7,62,0
296608,5,103,94,5,31,1,3,62,0
296906,5,103,94,5,31,1,8,62,0
297205,5,103,94,5,32,1,2,62,0
297503,5,103,94,5,31,1,5,62,0
297802,5,103,94,5,30,1,5,62,0
298100,5,103,94,5,30,1,7,62,0
298313,5,103,93,5,30,1,8,55,0
298611,5,103,93,5,31,1,3,55,0
298910,5,103,93,5,31,1,9,55,0
299208,5,103,93,5,32,1,9,55,0
299515,5,103,93,5,31,1,8,55,0
299814,5,103,93,5,30,1,4,55,0
300112,5,103,93,5,30,1,1,55,0
300322,5,103,93,5,31,1,5,53,0
300620,5,103,93,5,31,1,1,53,0
300919,5,103,93,5,31,1,2,53,0
301217,5,103,93,5,32,1,6,53,0
301586,5,103,93,5,32,1,9,53,0
301884,5,103,93,5,30,1,4,53,0
302182,5,103,93,5,30,1,8,53,0
302480,5,103,93,5,31,1,6,53,0
302778,5,103,93,5,31,1,6,53,0
303076,5,103,93,5,31,1,1,53,0
303374,5,103,93,5,32,1,6,53,0
303672,5,103,93,5,32,1,4,53,0
303970,5,103,93,5,30,1,5,53,0
304268,5,98,94,5,30,1,2,57,0
304575,5,98,94,5,31,1,10,57,0
304873,5,98,94,5,31,1,10,57,0
305171,5,98,94,5,31,1,2,57,0
305469,5,98,94,5,32,1,5,57,0
305767,5,98,94,5,32,1,5,57,0
