1692,1,65,65,1,31,1,24,1,0
2051,1,65,65,1,31,1,3,1,0
2353,1,65,65,1,31,1,10,1,0
2655,1,65,65,1,31,1,1,1,0
2957,1,65,65,1,31,1,9,1,0
3259,1,65,65,1,31,1,3,1,0
3561,1,65,65,1,31,1,7,1,0
3861,1,65,65,1,31,1,7,1,0
4160,1,65,65,1,31,1,10,1,0
4459,1,65,65,1,31,1,2,1,0
4684,1,65,65,1,31,1,2,1,0
4983,1,65,65,1,31,1,4,1,0
5282,1,65,65,1,31,1,6,1,0
5581,1,65,65,1,31,1,9,1,0
5880,1,65,65,1,31,1,4,1,0
6180,1,65,65,1,31,1,1,1,0
6479,1,65,65,1,31,1,7,1,0
6778,1,65,65,1,31,1,10,1,0
7077,1,65,65,1,31,1,3,1,0
7383,1,65,65,1,31,1,8,1,0
7682,1,65,65,1,31,1,8,1,0
7981,1,65,65,1,31,1,3,1,0
8280,1,65,65,1,31,1,9,1,0
8579,1,65,65,1,31,1,1,1,0
8878,1,65,65,1,31,1,4,1,0
9177,1,65,65,1,31,1,10,1,0
9476,1,65,65,1,31,1,3,1,0
9775,1,65,65,1,31,1,5,1,0
10074,1,65,65,1,31,1,10,1,0
10373,1,65,65,1,31,1,2,1,0
10672,1,65,65,1,31,1,8,1,0
10971,1,65,65,1,31,1,1,1,0
11270,1,65,65,1,31,1,5,1,0
11569,1,65,65,1,31,1,6,1,0
11868,1,65,65,1,31,1,1,1,0
12167,1,65,65,1,31,1,5,1,0
12466,1,65,65,1,31,1,1,1,0
12765,1,65,65,1,31,1,3,1,0
13072,1,65,65,1,31,1,5,1,0
13371,1,65,65,1,31,1,4,1,0
13670,1,65,65,1,31,1,2,1,0
13969,1,65,65,1,31,1,1,1,0
14268,1,65,65,1,31,1,7,1,0
1747,1,65,65,1,31,1,24,1,0
2052,1,65,65,1,31,1,3,1,0
2354,1,65,65,1,31,1,10,1,0
2656,1,65,65,1,31,1,1,1,0
2958,1,65,65,1,31,1,9,1,0
3260,1,65,65,1,31,1,3,1,0
3562,1,65,65,1,31,1,7,1,0
3864,1,65,65,1,31,1,7,1,0
4166,1,65,65,1,31,1,10,1,0
4465,1,65,65,1,31,1,2,1,0
4688,1,65,65,1,31,1,2,1,0
4987,1,65,65,1,31,1,4,1,0
5286,1,65,65,1,31,1,6,1,0
5577,1,65,65,1,31,1,9,1,0
5876,1,65,65,1,31,1,4,1,0
6176,1,65,65,1,31,1,1,1,0
6476,1,65,65,1,31,1,7,1,0
6774,1,65,65,1,31,1,10,1,0
7073,1,65,65,1,31,1,3,1,0
7371,1,65,65,1,31,1,8,1,0
7670,1,65,65,1,31,1,8,1,0
7968,1,65,65,1,31,1,3,1,0
8267,1,65,65,1,31,1,9,1,0
8565,1,65,65,1,31,1,1,1,0
8864,1,65,65,1,31,1,4,1,0
9162,1,65,65,1,31,1,10,1,0
9461,1,65,65,1,31,1,3,1,0
9759,1,65,65,1,31,1,5,1,0
10058,1,65,65,1,31,1,10,1,0
10357,1,65,65,1,31,1,2,1,0
10656,1,65,65,1,31,1,8,1,0
10954,1,65,65,1,31,1,1,1,0
11261,1,65,65,1,31,1,5,1,0
11560,1,65,65,1,31,1,6,1,0
11859,1,65,65,1,31,1,1,1,0
12158,1,65,65,1,31,1,5,1,0
12457,1,65,65,1,31,1,1,1,0
12756,1,65,65,1,31,1,3,1,0
13055,1,65,65,1,31,1,5,1,0
13354,1,65,65,1,31,1,4,1,0
13653,1,65,65,1,31,1,2,1,0
13952,1,65,65,1,31,1,1,1,0
14251,1,65,65,1,31,1,7,1,0
14550,1,65,65,1,31,1,7,1,0
14848,1,120,99,1,31,120,70,200,0
15147,1,120,99,1,31,120,56,200,0
15446,1,120,99,1,31,120,31,200,0
15745,1,120,99,1,31,120,65,200,0
16044,1,120,99,1,31,120,20,200,0
16350,1,120,99,1,31,120,38,200,0
16649,1,65,65,5,31,1,34,50,0
16948,1,65,65,5,31,1,5,50,0
17247,1,65,65,5,31,1,10,50,0
17546,1,65,65,5,31,1,37,50,0
17845,1,65,65,5,31,1,63,50,0
18144,1,65,65,5,31,1,21,50,0
18443,1,65,65,5,31,1,40,50,0
18708,1,65,65,5,31,1,6,70,0
19007,1,65,65,5,31,1,6,70,0
19306,1,65,65,5,31,1,10,70,0
19605,1,65,65,5,31,1,8,70,0
19904,1,65,65,5,31,1,10,70,0
20203,1,65,65,5,31,1,8,70,0
20503,1,65,65,5,31,1,5,70,0
20813,1,65,65,5,31,1,7,70,0
21112,1,65,65,5,31,1,10,70,0
21411,1,65,65,5,31,1,7,70,0
21718,1,65,65,5,31,1,5,70,0
22017,1,65,65,5,31,1,4,70,0
22316,1,65,65,5,31,1,6,70,0
22615,1,65,65,5,31,1,8,70,0
22914,1,65,65,5,31,1,7,70,0
23213,1,65,65,5,31,1,10,70,0
23512,1,65,65,5,31,1,5,70,0
23811,1,65,65,5,31,1,3,70,0
24110,1,65,65,5,31,1,6,70,0
24409,1,65,65,5,31,1,4,70,0
24708,1,65,88,5,31,1,32,70,0
25007,1,65,88,5,31,1,51,70,0
25306,1,65,88,5,31,1,26,70,0
25605,1,65,88,5,31,1,14,70,0
25904,1,65,88,5,31,1,28,70,0
26203,1,65,88,5,31,1,67,70,0
26502,1,65,88,5,31,1,63,70,0
26729,1,65,94,5,31,1,2,60,0
27028,1,65,94,5,31,1,1,60,0
27327,1,65,94,5,31,1,1,60,0
27626,1,65,94,5,31,1,9,60,0
27925,1,65,94,5,31,1,2,60,0
28224,1,65,94,5,31,1,2,60,0
28523,1,65,94,5,31,1,5,60,0
28740,1,65,94,5,31,1,8,56,0
29039,1,65,94,5,31,1,5,56,0
29338,1,65,94,5,31,1,8,56,0
29637,1,65,94,5,31,1,6,56,0
29935,1,65,94,5,31,1,9,56,0
30234,1,65,94,5,31,1,2,56,0
30533,1,65,94,5,31,1,9,56,0
30744,1,65,96,5,31,1,8,62,0
31042,1,65,96,5,31,1,2,62,0
31341,1,65,96,5,31,1,8,62,0
31640,1,65,96,5,31,1,4,62,0
31947,1,65,96,5,31,1,10,62,0
32246,1,65,96,5,31,1,6,62,0
32544,1,65,96,5,31,1,1,62,0
32843,1,65,96,5,31,1,1,62,0
33141,1,65,96,5,31,1,4,62,0
33440,1,65,96,5,31,1,3,62,0
33739,1,65,96,5,31,1,5,62,0
34038,1,65,96,5,31,1,4,62,0
34337,1,65,96,5,31,1,8,62,0
34636,1,65,96,5,31,1,2,62,0
34935,1,100,96,5,31,1,1,68,0
35234,1,100,96,5,31,1,1,68,0
35533,1,100,96,5,31,1,8,68,0
35832,1,100,96,5,31,1,9,68,0
36131,1,100,96,5,31,1,7,68,0
36430,1,100,96,5,31,1,4,68,0
36728,1,100,96,5,31,1,8,68,0
36970,1,100,76,5,31,1,9,62,0
37269,1,100,76,5,31,1,4,62,0
37567,1,100,76,5,31,1,9,62,0
37866,1,100,76,5,31,1,9,62,0
38165,1,100,76,5,31,1,6,62,0
38464,1,100,76,5,31,1,4,62,0
38764,1,100,76,5,31,1,9,62,0
38975,1,100,76,5,31,1,1,55,0
39274,1,100,76,5,31,1,2,55,0
39573,1,100,76,5,31,1,7,55,0
39872,1,100,76,5,31,1,8,55,0
40171,1,100,76,5,31,1,1,55,0
40470,1,100,76,5,31,1,10,55,0
40769,1,100,76,5,31,1,8,55,0
40979,1,100,76,5,31,1,9,50,0
41278,1,100,76,5,31,1,4,50,0
41577,1,100,76,5,31,1,4,50,0
41884,1,100,76,5,31,1,1,50,0
42183,1,100,76,5,31,1,5,50,0
42482,1,100,76,5,31,1,6,50,0
42781,1,100,76,5,31,1,4,50,0
43035,5,100,96,5,31,1,61,50,0
43334,5,100,96,5,31,1,63,50,0
43633,5,100,96,5,31,1,46,50,0
43932,5,100,96,5,31,1,21,50,0
44231,5,100,96,5,31,1,63,50,0
44530,5,100,96,5,31,1,11,50,0
44829,5,100,96,5,31,1,65,50,0
45039,5,100,96,5,31,1,2,70,0
45338,5,100,96,5,31,1,9,70,0
45637,5,100,96,5,31,1,7,70,0
45936,5,100,96,5,31,1,10,70,0
46235,5,100,96,5,31,1,1,70,0
46534,5,100,96,5,31,1,6,70,0
46840,5,100,96,5,31,1,6,70,0
47051,5,100,95,5,31,1,3,58,0
47350,5,100,95,5,31,1,5,58,0
47648,5,100,95,5,31,1,2,58,0
47947,5,100,95,5,31,1,7,58,0
48246,5,100,95,5,31,1,3,58,0
48544,5,100,95,5,31,1,9,58,0
48842,5,100,95,5,31,1,6,58,0
49055,5,71,95,5,31,1,1,54,0
49354,5,71,95,5,31,1,9,54,0
49652,5,71,95,5,31,1,4,54,0
49951,5,71,95,5,31,1,10,54,0
50249,5,71,95,5,31,1,7,54,0
50548,5,71,95,5,31,1,10,54,0
50846,5,71,95,5,31,1,1,54,0
51059,5,71,95,5,31,1,6,54,0
51358,5,71,95,5,31,1,3,54,0
51665,5,71,95,5,31,1,4,54,0
51963,5,71,95,5,31,1,5,54,0
52261,5,71,95,5,31,1,6,54,0
52559,5,71,95,5,31,1,1,54,0
52857,5,71,95,5,31,1,4,54,0
53156,5,71,95,5,31,1,6,54,0
53362,5,71,90,5,31,1,1,49,0
53661,5,71,90,5,31,1,6,49,0
53960,5,71,90,5,31,1,6,49,0
54259,5,71,90,5,31,1,6,49,0
54558,5,71,90,5,31,1,5,49,0
54856,5,71,90,5,31,1,9,49,0
55155,5,71,90,5,31,1,4,49,0
55368,5,71,90,5,31,1,4,50,0
55667,5,71,90,5,31,1,5,50,0
55966,5,71,90,5,31,1,1,50,0
56265,5,71,90,5,31,1,2,50,0
56564,5,71,90,5,31,1,7,50,0
56879,5,71,90,5,31,1,5,50,0
57178,5,71,90,5,31,1,4,50,0
57477,5,71,90,5,31,1,1,50,0
57775,5,71,90,5,31,1,8,50,0
58074,5,71,90,5,31,1,10,50,0
58372,5,71,90,5,31,1,6,50,0
58671,5,71,90,5,31,1,10,50,0
58969,5,71,90,5,31,1,10,50,0
59267,5,71,90,5,31,1,1,50,0
59566,5,71,90,5,31,1,8,50,0
59865,5,71,90,5,31,1,8,50,0
60163,5,71,90,5,31,1,6,50,0
60461,5,71,90,5,31,1,8,50,0
60759,5,71,90,5,31,1,4,50,0
61057,5,71,90,5,31,1,7,50,0
61355,5,88,84,5,31,1,6,55,0
61653,5,88,84,5,31,1,3,55,0
61960,5,88,84,5,31,1,3,55,0
62258,5,88,84,5,31,1,6,55,0
62556,5,88,84,5,31,1,4,55,0
62854,5,88,84,5,31,1,4,55,0
63152,5,88,84,5,31,1,4,55,0
63450,5,88,84,5,31,1,8,55,0
63748,5,88,84,5,31,1,6,55,0
64046,5,88,84,5,31,1,8,55,0
64344,5,88,84,5,31,1,7,55,0
64642,5,88,84,5,31,1,8,55,0
64940,5,88,84,5,31,1,7,55,0
65238,5,88,84,5,31,1,10,55,0
65537,5,88,84,5,31,1,5,55,0
65835,5,110,97,5,31,1,9,58,0
66133,5,110,97,5,31,1,3,58,0
66431,5,110,97,5,31,1,2,58,0
66729,5,110,97,5,31,1,6,58,0
67027,5,110,97,5,31,1,1,58,0
67332,5,110,97,5,31,1,7,58,0
67630,5,110,97,5,31,1,5,58,0
67928,5,110,97,5,31,1,2,54,0
68226,5,110,97,5,31,1,1,54,0
68524,5,110,97,5,31,1,1,54,0
68822,5,110,97,5,31,1,5,54,0
69120,5,110,97,5,31,1,7,54,0
69418,5,110,97,5,31,1,10,54,0
69716,5,110,97,5,31,1,8,54,0
69948,5,110,97,5,31,1,5,65,0
70246,5,110,97,5,31,1,10,65,0
70544,5,110,97,5,31,1,3,65,0
70842,5,110,97,5,31,1,6,65,0
71140,5,110,97,5,31,1,4,65,0
71438,5,110,97,5,31,1,3,65,0
71736,5,110,97,5,31,1,7,65,0
71953,5,110,97,5,31,1,3,58,0
72260,5,110,97,5,31,1,4,58,0
72558,5,110,97,5,31,1,8,58,0
72856,5,110,97,5,31,1,8,58,0
73154,5,110,97,5,31,1,4,58,0
73452,5,110,97,5,31,1,1,58,0
73750,5,110,97,5,31,1,8,58,0
73958,5,70,97,5,31,1,7,70,0
74256,5,70,97,5,31,1,7,70,0
74554,5,70,97,5,31,1,10,70,0
74852,5,70,97,5,31,1,9,70,0
75160,5,70,97,5,31,1,2,70,0
75458,5,70,97,5,31,1,8,70,0
75757,5,70,97,5,31,1,7,70,0
75964,5,70,97,5,31,1,1,59,0
76262,5,70,97,5,31,1,4,59,0
76560,5,70,97,5,31,1,9,59,0
76858,5,70,97,5,31,1,5,59,0
77164,5,70,97,5,31,1,1,59,0
77462,5,70,97,5,31,1,8,59,0
77761,5,70,97,5,31,1,9,59,0
77969,5,70,97,5,31,1,1,54,0
78268,5,70,97,5,31,1,5,54,0
78566,5,70,97,5,31,1,5,54,0
78865,5,70,97,5,31,1,1,54,0
79163,5,70,97,5,31,1,10,54,0
79461,5,70,97,5,31,1,6,54,0
79759,5,70,97,5,31,1,9,54,0
79973,5,70,97,5,31,1,2,50,0
80271,5,70,97,5,31,1,2,50,0
80570,5,70,97,5,31,1,10,50,0
80868,5,70,97,5,31,1,2,50,0
81167,5,70,97,5,31,1,3,50,0
81465,5,70,97,5,31,1,8,50,0
81764,5,70,97,5,31,1,3,50,0
81978,5,70,97,5,31,1,5,52,0
82285,5,70,97,5,31,1,6,52,0
82583,5,70,97,5,31,1,2,52,0
82881,5,70,97,5,31,1,4,52,0
83179,5,70,97,5,31,1,6,52,0
83477,5,70,97,5,31,1,9,52,0
83775,5,70,97,5,31,1,7,52,0
83982,5,85,95,5,31,1,3,70,0
84280,5,85,95,5,31,1,8,70,0
84578,5,85,95,5,31,1,9,70,0
84876,5,85,95,5,31,1,3,70,0
85174,5,85,95,5,31,1,8,70,0
85472,5,85,95,5,31,1,5,70,0
85770,5,85,95,5,31,1,4,70,0
85987,5,85,95,5,31,1,6,51,0
86285,5,85,95,5,31,1,10,51,0
86584,5,85,95,5,31,1,8,51,0
86882,5,85,95,5,31,1,7,51,0
87187,5,85,95,5,31,1,3,51,0
87485,5,85,95,5,31,1,8,51,0
87783,5,85,95,5,31,1,6,51,0
87991,5,85,95,5,31,1,4,50,0
88289,5,85,95,5,31,1,1,50,0
88587,5,85,95,5,31,1,9,50,0
88885,5,85,95,5,31,1,7,50,0
89183,5,85,95,5,31,1,2,50,0
89481,5,85,95,5,31,1,8,50,0
89779,5,85,95,5,31,1,8,50,0
89994,5,105,93,5,31,1,8,59,0
90292,5,105,93,5,31,1,9,59,0
90590,5,105,93,5,31,1,1,59,0
90888,5,105,93,5,31,1,10,59,0
91186,5,105,93,5,31,1,1,59,0
91484,5,105,93,5,31,1,1,59,0
91782,5,105,93,5,31,1,7,59,0
91998,5,105,93,5,31,1,2,50,0
92303,5,105,93,5,31,1,4,50,0
92601,5,105,93,5,31,1,10,50,0
92899,5,105,93,5,31,1,4,50,0
93197,5,105,93,5,31,1,9,50,0
93497,5,105,93,5,31,1,1,50,0
93804,5,105,93,5,31,1,5,50,0
94004,5,105,93,5,31,1,4,50,0
94304,5,105,93,5,31,1,10,50,0
94601,5,105,93,5,31,1,9,50,0
94901,5,105,93,5,31,1,2,50,0
95198,5,105,93,5,31,1,3,50,0
95498,5,105,93,5,31,1,2,50,0
95795,5,105,93,5,31,1,5,50,0
96013,5,105,89,5,31,1,5,67,0
96310,5,105,89,5,31,1,4,67,0
96610,5,105,89,5,31,1,6,67,0
96907,5,105,89,5,31,1,10,67,0
97214,5,105,89,5,31,1,6,67,0
97513,5,105,89,5,31,1,8,67,0
97812,5,105,89,5,31,1,9,67,0
98016,5,105,89,5,31,1,2,59,0
98314,5,105,89,5,31,1,9,59,0
98613,5,105,89,5,31,1,4,59,0
98912,5,105,89,5,31,1,10,59,0
99211,5,105,89,5,31,1,6,59,0
99509,5,105,89,5,31,1,10,59,0
99808,5,105,89,5,31,1,10,59,0
100021,5,105,96,5,31,1,9,52,0
100320,5,105,96,5,31,1,5,52,0
100618,5,105,96,5,31,1,4,52,0
100917,5,105,96,5,31,1,2,52,0
101215,5,105,96,5,31,1,2,52,0
101514,5,105,96,5,31,1,7,52,0
101812,5,105,96,5,31,1,5,52,0
102025,5,105,96,5,31,1,8,59,0
102325,5,105,96,5,31,1,3,59,0
102622,5,105,96,5,31,1,6,59,0
102922,5,105,96,5,31,1,2,59,0
103219,5,105,96,5,31,1,3,59,0
103520,5,105,96,5,31,1,3,59,0
103817,5,105,96,5,31,1,3,59,0
104117,5,105,96,5,31,1,4,59,0
104414,5,105,96,5,31,1,2,59,0
104714,5,105,96,5,31,1,5,59,0
105011,5,105,96,5,31,1,5,59,0
105311,5,105,96,5,31,1,8,59,0
105608,5,105,96,5,31,1,3,59,0
105908,5,105,96,5,31,1,5,59,0
106205,5,87,96,5,31,1,4,60,0
106505,5,87,96,5,31,1,2,60,0
106811,5,87,96,5,31,1,4,60,0
107109,5,87,96,5,31,1,6,60,0
107408,5,87,96,5,31,1,7,60,0
107706,5,87,96,5,31,1,10,60,0
108004,5,87,96,5,31,1,7,60,0
108260,5,87,96,5,31,1,7,69,0
108559,5,87,96,5,31,1,10,69,0
108857,5,87,96,5,31,1,4,69,0
109156,5,87,96,5,31,1,9,69,0
109454,5,87,96,5,31,1,8,69,0
109753,5,87,96,5,31,1,5,69,0
110051,5,87,96,5,31,1,8,69,0
110271,5,87,96,5,31,1,7,70,0
110569,5,87,96,5,31,1,9,70,0
110868,5,87,96,5,31,1,6,70,0
111166,5,87,96,5,31,1,5,70,0
111465,5,87,96,5,31,1,5,70,0
111772,5,87,96,5,31,1,10,70,0
112069,5,87,96,5,31,1,1,70,0
112275,5,87,96,5,31,1,4,68,0
112572,5,87,96,5,31,1,4,68,0
112872,5,87,96,5,31,1,5,68,0
113169,5,87,96,5,31,1,8,68,0
113469,5,87,96,5,31,1,3,68,0
113766,5,87,96,5,31,1,8,68,0
114066,5,87,96,5,31,1,7,68,0
114279,5,87,96,5,31,1,10,50,0
114579,5,87,96,5,31,1,3,50,0
114876,5,87,96,5,31,1,9,50,0
115176,5,87,96,5,31,1,5,50,0
115473,5,87,96,5,31,1,4,50,0
115773,5,87,96,5,31,1,9,50,0
116070,5,87,96,5,31,1,3,50,0
116283,5,87,90,5,31,1,5,50,0
116588,5,87,90,5,31,1,8,50,0
116886,5,87,90,5,31,1,9,50,0
117184,5,87,90,5,31,1,7,50,0
117482,5,87,90,5,31,1,2,50,0
117781,5,87,90,5,31,1,1,50,0
118079,5,87,90,5,31,1,3,50,0
118295,5,87,90,5,31,1,9,50,0
118593,5,87,90,5,31,1,9,50,0
118891,5,87,90,5,31,1,9,50,0
119189,5,87,90,5,31,1,9,50,0
119488,5,87,90,5,31,1,6,50,0
119786,5,87,90,5,31,1,10,50,0
120085,5,87,90,5,31,1,10,50,0
120299,5,79,90,5,31,1,4,51,0
120597,5,79,90,5,31,1,7,51,0
120895,5,79,90,5,31,1,10,51,0
121193,5,79,90,5,31,1,7,51,0
121500,5,79,90,5,31,1,7,51,0
121797,5,79,90,5,31,1,1,51,0
122097,5,79,90,5,31,1,3,51,0
122304,5,79,97,5,31,1,1,52,0
122604,5,79,97,5,31,1,5,52,0
122901,5,79,97,5,31,1,6,52,0
123201,5,79,97,5,31,1,2,52,0
123498,5,79,97,5,31,1,2,52,0
123798,5,79,97,5,31,1,10,52,0
124095,5,79,97,5,31,1,7,52,0
124308,5,79,97,5,31,1,1,50,0
124605,5,79,97,5,31,1,7,50,0
124905,5,79,97,5,31,1,4,50,0
125202,5,79,97,5,31,1,4,50,0
125502,5,79,97,5,31,1,6,50,0
125799,5,79,97,5,31,1,9,50,0
126099,5,79,97,5,31,1,2,50,0
126313,5,79,97,5,31,1,6,54,0
126611,5,79,97,5,31,1,10,54,0
126910,5,79,97,5,31,1,8,54,0
127208,5,79,97,5,31,1,8,54,0
127507,5,79,97,5,31,1,7,54,0
127805,5,79,97,5,31,1,8,54,0
128103,5,79,97,5,31,1,8,54,0
128317,5,79,97,5,31,1,3,55,0
128614,5,79,97,5,31,1,5,55,0
128912,5,79,97,5,31,1,7,55,0
129211,5,79,97,5,31,1,8,55,0
129510,5,79,97,5,31,1,10,55,0
129809,5,79,97,5,31,1,1,55,0
130107,5,79,97,5,31,1,2,55,0
130321,5,100,97,5,31,1,7,60,0
130620,5,100,97,5,31,1,3,60,0
130919,5,100,97,5,31,1,4,60,0
131226,5,100,97,5,31,1,1,60,0
131523,5,100,97,5,31,1,1,60,0
131823,5,100,97,5,31,1,7,60,0
132120,5,100,97,5,31,1,3,60,0
132326,5,100,97,5,31,1,7,63,0
132623,5,100,97,5,31,1,5,63,0
132923,5,100,97,5,31,1,6,63,0
133220,5,100,97,5,31,1,8,63,0
133520,5,100,97,5,31,1,8,63,0
133817,5,100,97,5,31,1,6,63,0
134117,5,100,97,5,31,1,9,63,0
134330,5,100,97,5,31,1,4,50,0
134630,5,100,97,5,31,1,1,50,0
134927,5,100,97,5,31,1,3,50,0
135227,5,100,97,5,31,1,5,50,0
135524,5,100,97,5,31,1,5,50,0
135824,5,100,97,5,31,1,2,50,0
136130,5,100,97,5,31,1,3,50,0
136338,5,100,97,5,31,1,6,68,0
136637,5,100,97,5,31,1,1,68,0
136935,5,100,97,5,31,1,2,68,0
137233,5,100,97,5,31,1,10,68,0
137531,5,100,97,5,31,1,8,68,0
137830,5,100,97,5,31,1,2,68,0
138128,5,100,97,5,31,1,1,68,0
138343,5,100,97,5,31,1,2,69,0
138641,5,100,97,5,31,1,6,69,0
138939,5,100,97,5,31,1,1,69,0
139237,5,100,97,5,31,1,7,69,0
139536,5,100,97,5,31,1,3,69,0
139834,5,100,97,5,31,1,9,69,0
140133,5,100,97,5,31,1,9,69,0
140351,5,68,97,5,31,1,7,70,0
140657,5,68,97,5,31,1,9,70,0
140957,5,68,97,5,31,1,7,70,0
141254,5,68,97,5,31,1,9,70,0
141554,5,68,97,5,31,1,5,70,0
141851,5,68,97,5,31,1,4,70,0
142151,5,68,97,5,31,1,4,70,0
142356,5,65,65,5,31,120,3,20,0
142656,5,65,65,5,31,120,2,20,0
142953,5,65,65,5,31,120,4,20,0
143253,5,65,65,5,31,120,9,20,0
143550,5,65,65,5,31,120,8,20,0
143850,5,65,65,5,31,120,2,20,0
144147,5,65,65,5,31,120,10,20,0
144365,5,65,65,5,31,1,3,70,0
144662,5,65,65,5,31,1,3,70,0
144962,5,65,65,5,31,1,3,70,0
145259,5,65,65,5,31,1,1,70,0
145566,5,65,65,5,31,1,4,70,0
145865,5,65,65,5,31,1,9,70,0
146163,5,65,65,5,31,1,10,70,0
146369,1,65,65,5,31,10,33,20,0
146668,1,65,65,5,31,10,57,20,0
146967,1,65,65,5,31,10,28,20,0
147265,1,65,65,5,31,10,43,20,0
147564,1,65,65,5,31,10,27,20,0
147862,1,65,65,5,31,10,66,20,0
148161,1,65,65,5,31,10,29,20,0
148374,1,65,76,5,31,1,5,65,0
148672,1,65,76,5,31,1,7,65,0
148970,1,65,76,5,31,1,6,65,0
149268,1,65,76,5,31,1,6,65,0
149566,1,65,76,5,31,1,5,65,0
149864,1,65,76,5,31,1,5,65,0
150171,1,65,76,5,31,1,4,65,0
150379,5,65,76,5,31,1,45,51,0
150679,5,65,76,5,31,1,50,51,0
150976,5,65,76,5,31,1,65,51,0
151276,5,65,76,5,31,1,25,51,0
151574,5,65,76,5,31,1,68,51,0
151874,5,65,76,5,31,1,26,51,0
152171,5,65,76,5,31,1,20,51,0
152384,5,65,76,5,31,1,6,54,0
152681,5,65,76,5,31,1,9,54,0
152981,5,65,76,5,31,1,8,54,0
153278,5,65,76,5,31,1,1,54,0
153578,5,65,76,5,31,1,9,54,0
153875,5,65,76,5,31,1,7,54,0
154175,5,65,76,5,31,1,8,54,0
154397,5,65,96,5,31,1,6,50,0
154697,5,65,96,5,31,1,5,50,0
155002,5,65,96,5,31,1,9,50,0
155300,5,65,96,5,31,1,3,50,0
155599,5,65,96,5,31,1,7,50,0
155897,5,65,96,5,31,1,10,50,0
156196,5,65,96,5,31,1,3,50,0
156401,5,65,96,5,31,1,7,55,0
156699,5,65,96,5,31,1,2,55,0
156997,5,65,96,5,31,1,8,55,0
157296,5,65,96,5,31,1,2,55,0
157594,5,65,96,5,31,1,3,55,0
157893,5,65,96,5,31,1,5,55,0
158191,5,65,96,5,31,1,2,55,0
158406,5,65,96,5,31,1,3,69,0
158704,5,65,96,5,31,1,8,69,0
159002,5,65,96,5,31,1,4,69,0
159300,5,65,96,5,31,1,6,69,0
159598,5,65,96,5,31,1,9,69,0
159905,5,65,96,5,31,1,6,69,0
160202,5,65,96,5,31,1,9,69,0
160412,5,91,96,5,31,1,1,52,0
160709,5,91,96,5,31,1,8,52,0
161009,5,91,96,5,31,1,10,52,0
161306,5,91,96,5,31,1,9,52,0
161606,5,91,96,5,31,1,2,52,0
161903,5,91,96,5,31,1,8,52,0
162203,5,91,96,5,31,1,7,52,0
162416,5,91,96,5,31,1,9,57,0
162716,5,91,96,5,31,1,5,57,0
163024,5,91,96,5,31,1,1,57,0
163321,5,91,96,5,31,1,10,57,0
163619,5,91,96,5,31,1,8,57,0
163918,5,91,96,5,31,1,9,57,0
164217,5,91,96,5,31,1,2,57,0
164463,5,91,90,5,31,1,7,50,0
164770,5,91,90,5,31,1,7,50,0
165067,5,91,90,5,31,1,9,50,0
165367,5,91,90,5,31,1,1,50,0
165664,5,91,90,5,31,1,1,50,0
165964,5,91,90,5,31,1,5,50,0
166261,5,91,90,5,31,1,3,50,0
166467,5,91,90,5,31,1,7,65,0
166764,5,91,90,5,31,1,9,65,0
167064,5,91,90,5,31,1,2,65,0
167361,5,91,90,5,31,1,9,65,0
167661,5,91,90,5,31,1,7,65,0
167958,5,91,90,5,31,1,8,65,0
168258,5,91,90,5,31,1,3,65,0
168474,5,91,90,5,31,1,9,67,0
168774,5,91,90,5,31,1,8,67,0
169071,5,91,90,5,31,1,8,67,0
169371,5,91,90,5,31,1,9,67,0
169677,5,91,90,5,31,1,5,67,0
169975,5,91,90,5,31,1,1,67,0
170274,5,91,90,5,31,1,4,67,0
170481,5,91,94,5,31,1,10,70,0
170780,5,91,94,5,31,1,10,70,0
171078,5,91,94,5,31,1,5,70,0
171377,5,91,94,5,31,1,2,70,0
171675,5,91,94,5,31,1,5,70,0
171974,5,91,94,5,31,1,2,70,0
172272,5,91,94,5,31,1,7,70,0
172486,5,91,94,5,31,1,9,69,0
172785,5,91,94,5,31,1,6,69,0
173084,5,91,94,5,31,1,4,69,0
173382,5,91,94,5,31,1,8,69,0
173681,5,91,94,5,31,1,4,69,0
173979,5,91,94,5,31,1,2,69,0
174278,5,91,94,5,31,1,5,69,0
174490,5,91,94,5,31,1,10,50,0
174787,5,91,94,5,31,1,4,50,0
175087,5,91,94,5,31,1,4,50,0
175384,5,91,94,5,31,1,5,50,0
175684,5,91,94,5,31,1,6,50,0
175981,5,91,94,5,31,1,7,50,0
176281,5,91,94,5,31,1,9,50,0
176495,5,91,94,5,31,1,5,50,0
176795,5,91,94,5,31,1,2,50,0
177092,5,91,94,5,31,1,3,50,0
177392,5,91,94,5,31,1,4,50,0
177689,5,91,94,5,31,1,10,50,0
177989,5,91,94,5,31,1,6,50,0
178286,5,91,94,5,31,1,6,50,0
178500,5,91,94,5,31,1,8,52,0
178797,5,91,94,5,31,1,7,52,0
179097,5,91,94,5,31,1,6,52,0
179403,5,91,94,5,31,1,10,52,0
179701,5,91,94,5,31,1,1,52,0
179999,5,91,94,5,31,1,4,52,0
180297,5,91,94,5,31,1,9,52,0
180504,5,65,96,5,31,1,3,50,0
180802,5,65,96,5,31,1,10,50,0
181101,5,65,96,5,31,1,3,50,0
181399,5,65,96,5,31,1,1,50,0
181698,5,65,96,5,31,1,7,50,0
181996,5,65,96,5,31,1,7,50,0
182294,5,65,96,5,31,1,1,50,0
182516,5,65,96,5,31,1,4,52,0
182815,5,65,96,5,31,1,3,52,0
183113,5,65,96,5,31,1,9,52,0
183411,5,65,96,5,31,1,6,52,0
183709,5,65,96,5,31,1,7,52,0
184007,5,65,96,5,31,1,8,52,0
184314,5,65,96,5,31,1,10,52,0
184587,5,104,96,5,31,1,6,70,0
184887,5,104,96,5,31,1,2,70,0
185184,5,104,96,5,31,1,8,70,0
185484,5,104,96,5,31,1,3,70,0
185781,5,104,96,5,31,1,3,70,0
186081,5,104,96,5,31,1,9,70,0
186378,5,104,96,5,31,1,2,70,0
186591,5,65,65,5,31,50,6,20,0
186888,5,65,65,5,31,50,5,20,0
187188,5,65,65,5,31,50,7,20,0
187485,5,65,65,5,31,50,6,20,0
187785,5,65,65,5,31,50,3,20,0
188082,5,65,65,5,31,50,5,20,0
188382,5,65,65,5,31,50,1,20,0
188602,5,65,65,5,31,50,8,20,0
188902,5,65,65,5,31,50,8,20,0
189208,5,65,65,5,31,50,6,20,0
189506,5,65,65,5,31,50,3,20,0
189805,5,65,65,5,31,50,9,20,0
190103,5,65,65,5,31,50,8,20,0
190401,5,65,65,5,31,50,8,20,0
190608,5,65,84,5,31,1,10,55,0
190906,5,65,84,5,31,1,6,55,0
191204,5,65,84,5,31,1,8,55,0
191502,5,65,84,5,31,1,8,55,0
191800,5,65,84,5,31,1,4,55,0
192098,5,65,84,5,31,1,4,55,0
192396,5,65,84,5,31,1,9,55,0
192612,5,65,84,5,31,1,4,55,0
192910,5,65,84,5,31,1,6,55,0
193209,5,65,84,5,31,1,6,55,0
193507,5,65,84,5,31,1,10,55,0
193813,5,65,84,5,31,1,10,55,0
194113,5,65,84,5,31,1,4,55,0
194410,5,65,84,5,31,1,6,55,0
194710,5,65,84,5,31,1,8,55,0
194942,5,65,84,5,31,1,10,49,0
195242,5,65,84,5,31,1,1,49,0
195539,5,65,84,5,31,1,9,49,0
195839,5,65,84,5,31,1,9,49,0
196136,5,65,84,5,31,1,9,49,0
196436,5,65,84,5,31,1,4,49,0
196733,5,65,84,5,31,1,5,49,0
196947,5,65,92,5,31,1,2,53,0
197244,5,65,92,5,31,1,1,53,0
197544,5,65,92,5,31,1,3,53,0
197852,5,65,92,5,31,1,4,53,0
198149,5,65,92,5,31,1,6,53,0
198447,5,65,92,5,31,1,3,53,0
198753,5,65,92,5,31,1,10,53,0
199053,5,65,92,5,31,1,6,53,0
199350,5,65,92,5,31,1,10,53,0
199651,5,65,92,5,31,1,1,53,0
199948,5,65,92,5,31,1,5,53,0
200248,5,65,92,5,31,1,10,53,0
200545,5,65,92,5,31,1,3,53,0
200845,5,65,92,5,31,1,1,53,0
201142,5,65,92,5,31,1,8,53,0
201442,5,65,92,5,31,1,1,53,0
201739,5,65,92,5,31,1,8,53,0
202039,5,65,92,5,31,1,6,53,0
202336,5,65,92,5,31,1,4,53,0
202636,5,65,92,5,31,1,9,53,0
202933,5,65,96,5,31,1,1,61,0
203233,5,65,96,5,31,1,4,61,0
203530,5,65,96,5,31,1,5,61,0
203837,5,65,96,5,31,1,1,61,0
204135,5,65,96,5,31,1,10,61,0
204434,5,65,96,5,31,1,7,61,0
204733,5,65,96,5,31,1,7,61,0
205031,5,65,96,5,31,1,1,61,0
205256,5,65,96,5,31,1,6,49,0
205555,5,65,96,5,31,1,7,49,0
205854,5,65,96,5,31,1,9,49,0
206152,5,65,96,5,31,1,8,49,0
206451,5,65,96,5,31,1,9,49,0
206750,5,65,96,5,31,1,7,49,0
207049,5,65,96,5,31,1,6,49,0
207262,5,65,89,5,31,1,3,57,0
207561,5,65,89,5,31,1,5,57,0
207859,5,65,89,5,31,1,7,57,0
208157,5,65,89,5,31,1,7,57,0
208455,5,65,89,5,31,1,6,57,0
208761,5,65,89,5,31,1,5,57,0
209061,5,65,89,5,31,1,4,57,0
209280,5,65,89,5,31,1,6,62,0
209580,5,65,89,5,31,1,6,62,0
209877,5,65,89,5,31,1,10,62,0
210177,5,65,89,5,31,1,10,62,0
210474,5,65,89,5,31,1,4,62,0
210774,5,65,89,5,31,1,10,62,0
211071,5,65,89,5,31,1,3,62,0
211284,5,65,89,5,31,1,8,70,0
211581,5,65,89,5,31,1,10,70,0
211881,5,65,89,5,31,1,7,70,0
212178,5,65,89,5,31,1,4,70,0
212478,5,65,89,5,31,1,9,70,0
212775,5,65,89,5,31,1,6,70,0
213075,5,65,89,5,31,1,8,70,0
213294,5,65,65,5,31,120,4,20,0
213601,5,65,65,5,31,120,9,20,0
213900,5,65,65,5,31,120,10,20,0
214198,5,65,65,5,31,120,5,20,0
214496,5,65,65,5,31,120,6,20,0
214794,5,65,65,5,31,120,1,20,0
215093,5,65,65,5,31,120,7,20,0
215391,5,65,65,5,31,120,5,20,0
215604,5,65,65,5,31,1,1,50,0
215902,5,65,65,5,31,1,1,50,0
216200,5,65,65,5,31,1,10,50,0
216498,5,65,65,5,31,1,3,50,0
216797,5,65,65,5,31,1,6,50,0
217095,5,65,65,5,31,1,2,50,0
217394,5,65,65,5,31,1,5,50,0
217609,5,65,85,5,31,1,5,63,0
217907,5,65,85,5,31,1,4,63,0
218205,5,65,85,5,31,1,7,63,0
218511,5,65,85,5,31,1,4,63,0
218811,5,65,85,5,31,1,6,63,0
219108,5,65,85,5,31,1,4,63,0
219408,5,65,85,5,31,1,8,63,0
219613,5,65,85,5,31,1,2,54,0
219913,5,65,85,5,31,1,9,54,0
220210,5,65,85,5,31,1,2,54,0
220510,5,65,85,5,31,1,3,54,0
220807,5,65,85,5,31,1,2,54,0
221107,5,65,85,5,31,1,7,54,0
221404,5,65,85,5,31,1,4,54,0
221618,5,65,85,5,31,1,10,70,0
221915,5,65,85,5,31,1,5,70,0
222215,5,65,85,5,31,1,1,70,0
222512,5,65,85,5,31,1,3,70,0
222812,5,65,85,5,31,1,3,70,0
223109,5,65,85,5,31,1,6,70,0
223416,5,65,85,5,31,1,3,70,0
223623,5,65,93,5,31,1,7,59,0
223921,5,65,93,5,31,1,4,59,0
224220,5,65,93,5,31,1,8,59,0
224518,5,65,93,5,31,1,5,59,0
224816,5,65,93,5,31,1,9,59,0
225114,5,65,93,5,31,1,2,59,0
225413,5,65,93,5,31,1,10,59,0
225682,5,65,93,5,31,1,4,50,0
225980,5,65,93,5,31,1,8,50,0
226278,5,65,93,5,31,1,8,50,0
226576,5,65,93,5,31,1,4,50,0
226874,5,65,93,5,31,1,1,50,0
227172,5,65,93,5,31,1,4,50,0
227470,5,65,93,5,31,1,10,50,0
227687,5,65,94,5,31,1,8,50,0
227985,5,65,94,5,31,1,2,50,0
228291,5,65,94,5,31,1,10,50,0
228591,5,65,94,5,31,1,6,50,0
228888,5,65,94,5,31,1,6,50,0
229188,5,65,94,5,31,1,10,50,0
229485,5,65,94,5,31,1,9,50,0
229695,5,65,94,5,31,1,10,52,0
229992,5,65,94,5,31,1,3,52,0
230292,5,65,94,5,31,1,2,52,0
230589,5,65,94,5,31,1,1,52,0
230889,5,65,94,5,31,1,1,52,0
231186,5,65,94,5,31,1,6,52,0
231486,5,65,94,5,31,1,2,52,0
231700,5,94,94,5,31,1,1,53,0
232000,5,94,94,5,31,1,5,53,0
232297,5,94,94,5,31,1,5,53,0
232597,5,94,94,5,31,1,8,53,0
232905,5,94,94,5,31,1,9,53,0
233209,5,94,94,5,31,1,4,53,0
233509,5,94,94,5,31,1,7,53,0
233806,5,94,94,5,31,1,5,53,0
234106,5,94,94,5,31,1,4,53,0
234403,5,94,94,5,31,1,7,53,0
234703,5,94,94,5,31,1,8,53,0
235000,5,94,94,5,31,1,9,53,0
235300,5,94,94,5,31,1,5,53,0
235597,5,94,94,5,31,1,7,53,0
235897,5,94,66,5,31,1,4,70,0
236194,5,94,66,5,31,1,1,70,0
236494,5,94,66,5,31,1,10,70,0
236791,5,94,66,5,31,1,6,70,0
237091,5,94,66,5,31,1,3,70,0
237388,5,94,66,5,31,1,7,70,0
237688,5,94,66,5,31,1,10,70,0
237974,5,94,66,5,31,1,4,63,0
238281,5,94,66,5,31,1,10,63,0
238580,5,94,66,5,31,1,4,63,0
238878,5,94,66,5,31,1,5,63,0
239177,5,94,66,5,31,1,10,63,0
239475,5,94,66,5,31,1,5,63,0
239774,5,94,66,5,31,1,3,63,0
239978,5,94,93,5,31,1,4,68,0
240276,5,94,93,5,31,1,4,68,0
240574,5,94,93,5,31,1,2,68,0
240872,5,94,93,5,31,1,10,68,0
241170,5,94,93,5,31,1,8,68,0
241469,5,94,93,5,31,1,10,68,0
241767,5,94,93,5,31,1,7,68,0
241982,5,94,93,5,31,1,3,51,0
242280,5,94,93,5,31,1,4,51,0
242579,5,94,93,5,31,1,5,51,0
242877,5,94,93,5,31,1,9,51,0
243182,5,94,93,5,31,1,10,51,0
243482,5,94,93,5,31,1,6,51,0
243779,5,94,93,5,31,1,1,51,0
243986,5,94,85,5,31,1,3,67,0
244283,5,94,85,5,31,1,8,67,0
244583,5,94,85,5,31,1,7,67,0
244880,5,94,85,5,31,1,3,67,0
245180,5,94,85,5,31,1,4,67,0
245477,5,94,85,5,31,1,9,67,0
245777,5,94,85,5,31,1,1,67,0
246037,5,94,85,5,31,1,6,70,0
246337,5,94,85,5,31,1,6,70,0
246634,5,94,85,5,31,1,8,70,0
246934,5,94,85,5,31,1,10,70,0
247231,5,94,85,5,31,1,10,70,0
247531,5,94,85,5,31,1,7,70,0
247829,5,94,85,5,31,1,10,70,0
248041,5,94,85,5,31,1,9,50,0
248339,5,94,85,5,31,1,7,50,0
248637,5,94,85,5,31,1,4,50,0
248935,5,94,85,5,31,1,5,50,0
249233,5,94,85,5,31,1,9,50,0
249531,5,94,85,5,31,1,9,50,0
249829,5,94,85,5,31,1,7,50,0
250053,5,94,94,5,31,1,4,67,0
250351,5,94,94,5,31,1,3,67,0
250649,5,94,94,5,31,1,2,67,0
250947,5,94,94,5,31,1,10,67,0
251245,5,94,94,5,31,1,1,67,0
251543,5,94,94,5,31,1,7,67,0
251841,5,94,94,5,31,1,9,67,0
252059,5,89,94,5,31,1,4,70,0
252357,5,89,94,5,31,1,8,70,0
252655,5,89,94,5,31,1,8,70,0
252962,5,89,94,5,31,1,2,70,0
253260,5,89,94,5,31,1,9,70,0
253558,5,89,94,5,31,1,9,70,0
253856,5,89,94,5,31,1,7,70,0
254063,5,89,94,5,31,1,3,57,0
254361,5,89,94,5,31,1,8,57,0
254659,5,89,94,5,31,1,6,57,0
254957,5,89,94,5,31,1,5,57,0
255255,5,89,94,5,31,1,5,57,0
255553,5,89,94,5,31,1,8,57,0
255851,5,89,94,5,31,1,4,57,0
256149,5,89,94,5,31,1,9,57,0
256447,5,89,94,5,31,1,8,57,0
256745,5,89,94,5,31,1,1,57,0
257043,5,89,94,5,31,1,9,57,0
257341,5,89,94,5,31,1,5,57,0
257639,5,89,94,5,31,1,6,57,0
257944,5,89,94,5,31,1,2,57,0
258242,5,89,94,5,31,1,8,57,0
258542,5,89,94,5,31,1,8,57,0
258849,5,89,94,5,31,1,3,57,0
259148,5,89,94,5,31,1,6,57,0
259446,5,89,94,5,31,1,1,57,0
259745,5,89,94,5,31,1,6,57,0
260043,5,89,94,5,31,1,6,57,0
260342,5,89,74,5,31,1,5,62,0
260640,5,89,74,5,31,1,2,62,0
260938,5,89,74,5,31,1,7,62,0
261236,5,89,74,5,31,1,4,62,0
261534,5,89,74,5,31,1,1,62,0
261832,5,89,74,5,31,1,9,62,0
262130,5,89,74,5,31,1,5,62,0
262363,5,89,74,5,31,1,10,51,0
262662,5,89,74,5,31,1,6,51,0
262969,5,89,74,5,31,1,4,51,0
263267,5,89,74,5,31,1,8,51,0
263565,5,89,74,5,31,1,1,51,0
263863,5,89,74,5,31,1,1,51,0
264161,5,89,74,5,31,1,9,51,0
264368,5,89,74,5,31,1,9,54,0
264666,5,89,74,5,31,1,1,54,0
264964,5,89,74,5,31,1,7,54,0
265262,5,89,74,5,31,1,2,54,0
265560,5,89,74,5,31,1,4,54,0
265858,5,89,74,5,31,1,7,54,0
266156,5,89,74,5,31,1,9,54,0
266454,5,89,74,5,31,1,4,54,0
266752,5,89,74,5,31,1,2,54,0
267050,5,89,74,5,31,1,3,54,0
267348,5,89,74,5,31,1,5,54,0
267647,5,89,74,5,31,1,2,54,0
267952,5,89,74,5,31,1,3,54,0
268250,5,89,74,5,31,1,9,54,0
268548,5,65,65,5,31,10,2,20,0
268846,5,65,65,5,31,10,10,20,0
269144,5,65,65,5,31,10,9,20,0
269442,5,65,65,5,31,10,2,20,0
269740,5,65,65,5,31,10,5,20,0
270038,5,65,65,5,31,10,4,20,0
270336,5,65,65,5,31,10,9,20,0
270607,5,65,72,5,31,1,7,69,0
270905,5,65,72,5,31,1,4,69,0
271203,5,65,72,5,31,1,9,69,0
271501,5,65,72,5,31,1,5,69,0
271799,5,65,72,5,31,1,8,69,0
272097,5,65,72,5,31,1,10,69,0
272395,5,65,72,5,31,1,6,69,0
272619,5,65,72,5,31,1,2,70,0
272926,5,65,72,5,31,1,8,70,0
273224,5,65,72,5,31,1,8,70,0
273522,5,65,72,5,31,1,6,70,0
273820,5,65,72,5,31,1,6,70,0
274118,5,65,72,5,31,1,3,70,0
274416,5,65,72,5,31,1,9,70,0
274624,5,65,72,5,31,1,5,69,0
274922,5,65,72,5,31,1,2,69,0
275220,5,65,72,5,31,1,5,69,0
275518,5,65,72,5,31,1,9,69,0
275816,5,65,72,5,31,1,9,69,0
276114,5,65,72,5,31,1,6,69,0
276412,5,65,72,5,31,1,8,69,0
276629,5,65,84,5,31,1,4,50,0
276932,5,65,84,5,31,1,6,50,0
277231,5,65,84,5,31,1,2,50,0
277530,5,65,84,5,31,1,7,50,0
277836,5,65,84,5,31,1,6,50,0
278134,5,65,84,5,31,1,8,50,0
278433,5,65,84,5,31,1,10,50,0
278634,5,65,84,5,31,1,5,68,0
278933,5,65,84,5,31,1,7,68,0
279231,5,65,84,5,31,1,10,68,0
279530,5,65,84,5,31,1,1,68,0
279828,5,65,84,5,31,1,4,68,0
280127,5,65,84,5,31,1,4,68,0
280425,5,65,84,5,31,1,9,68,0
280639,5,65,84,5,31,1,4,61,0
280937,5,65,84,5,31,1,3,61,0
281236,5,65,84,5,31,1,6,61,0
281534,5,65,84,5,31,1,10,61,0
281832,5,65,84,5,31,1,7,61,0
282130,5,65,84,5,31,1,8,61,0
282428,5,65,84,5,31,1,8,61,0
282644,5,65,79,5,31,1,4,70,0
282942,5,65,79,5,31,1,3,70,0
283240,5,65,79,5,31,1,5,70,0
283538,5,65,79,5,31,1,8,70,0
283836,5,65,79,5,31,1,1,70,0
284134,5,65,79,5,31,1,3,70,0
284432,5,65,79,5,31,1,1,70,0
284649,5,65,79,5,31,1,2,64,0
284947,5,65,79,5,31,1,7,64,0
285245,5,65,79,5,31,1,2,64,0
285543,5,65,79,5,31,1,9,64,0
285841,5,65,79,5,31,1,8,64,0
286139,5,65,79,5,31,1,6,64,0
286437,5,65,79,5,31,1,2,64,0
286654,5,65,72,5,31,1,9,50,0
286952,5,65,72,5,31,1,1,50,0
287250,5,65,72,5,31,1,7,50,0
287555,5,65,72,5,31,1,6,50,0
287853,5,65,72,5,31,1,4,50,0
288151,5,65,72,5,31,1,5,50,0
288449,5,65,72,5,31,1,5,50,0
288658,5,65,72,5,31,1,6,64,0
288956,5,65,72,5,31,1,1,64,0
289254,5,65,72,5,31,1,3,64,0
289552,5,65,72,5,31,1,3,64,0
289850,5,65,72,5,31,1,4,64,0
290148,5,65,72,5,31,1,2,64,0
290446,5,65,72,5,31,1,4,64,0
290662,5,65,72,5,31,1,9,56,0
290960,5,65,72,5,31,1,1,56,0
291258,5,65,72,5,31,1,1,56,0
291556,5,65,72,5,31,1,3,56,0
291854,5,65,72,5,31,1,8,56,0
292152,5,65,72,5,31,1,3,56,0
292459,5,65,72,5,31,1,1,56,0
292667,5,65,80,5,31,1,3,58,0
292965,5,65,80,5,31,1,6,58,0
293263,5,65,80,5,31,1,10,58,0
293561,5,65,80,5,31,1,3,58,0
293859,5,65,80,5,31,1,3,58,0
294157,5,65,80,5,31,1,3,58,0
294455,5,65,80,5,31,1,2,58,0
294673,5,65,80,5,31,1,3,70,0
294971,5,65,80,5,31,1,5,70,0
295269,5,65,80,5,31,1,7,70,0
295568,5,65,80,5,31,1,6,70,0
295867,5,65,80,5,31,1,5,70,0
296167,5,65,80,5,31,1,5,70,0
296466,5,65,80,5,31,1,7,70,0
296678,5,65,80,5,31,1,10,57,0
296976,5,65,80,5,31,1,4,57,0
297282,5,65,80,5,31,1,8,57,0
297580,5,65,80,5,31,1,7,57,0
297878,5,65,80,5,31,1,7,57,0
298176,5,65,80,5,31,1,3,57,0
298475,5,65,80,5,31,1,8,57,0
298683,5,65,94,5,31,1,2,50,0
298982,5,65,94,5,31,1,5,50,0
299280,5,65,94,5,31,1,5,50,0
299578,5,65,94,5,31,1,7,50,0
299876,5,65,94,5,31,1,8,50,0
300174,5,65,94,5,31,1,3,50,0
300472,5,65,94,5,31,1,9,50,0
300687,5,65,94,5,31,1,9,55,0
300985,5,65,94,5,31,1,8,55,0
301283,5,65,94,5,31,1,4,55,0
301581,5,65,94,5,31,1,1,55,0
301985,5,65,94,5,31,1,2,55,0
302290,5,65,94,5,31,1,6,55,0
302588,5,65,94,5,31,1,1,55,0
302886,5,65,94,5,31,1,10,55,0
303184,5,65,94,5,31,1,9,55,0
303482,5,65,94,5,31,1,4,55,0
303780,5,65,94,5,31,1,8,55,0
304078,5,65,94,5,31,1,6,55,0
304376,5,65,94,5,31,1,6,55,0
304674,5,65,82,5,31,1,1,66,0
304972,5,65,82,5,31,1,6,66,0
305270,5,65,82,5,31,1,4,66,0
305568,5,65,82,5,31,1,5,66,0
305867,5,65,82,5,31,1,2,66,0
306165,5,65,82,5,31,1,10,66,0
306463,5,65,82,5,31,1,10,66,0
306702,5,65,82,5,31,1,2,70,0
307000,5,65,82,5,31,1,5,70,0
307352,5,65,82,5,31,1,5,70,0
307666,5,65,82,5,31,1,7,70,0
307980,5,65,82,5,31,1,6,70,0
308294,5,65,82,5,31,1,7,70,0
308608,5,65,82,5,31,1,6,70,0
308922,5,65,82,5,31,1,6,70,0
309236,5,65,82,5,31,1,8,70,0
309550,5,65,82,5,31,1,7,70,0
309864,5,65,82,5,31,1,5,70,0
310178,5,65,82,5,31,1,1,70,0
310492,5,65,82,5,31,1,10,70,0
310722,5,65,95,5,31,1,3,55,0
311036,5,65,95,5,31,1,10,55,0
311350,5,65,95,5,31,1,2,55,0
311664,5,65,95,5,31,1,1,55,0
311978,5,65,95,5,31,1,6,55,0
312307,5,65,95,5,31,1,4,55,0
312628,5,76,95,5,31,1,8,70,0
312942,5,76,95,5,31,1,2,70,0
313256,5,76,95,5,31,1,9,70,0
313570,5,76,95,5,31,1,4,70,0
313884,5,76,95,5,31,1,4,70,0
314198,5,76,95,5,31,1,2,70,0
314512,5,76,95,5,31,1,1,70,0
314736,5,76,94,5,31,1,1,69,0
315050,5,76,94,5,31,1,6,69,0
315364,5,76,94,5,31,1,10,69,0
315678,5,76,94,5,31,1,2,69,0
315992,5,76,94,5,31,1,6,69,0
316306,5,76,94,5,31,1,8,69,0
316620,5,76,94,5,31,1,4,69,0
316909,5,76,94,5,31,1,8,70,0
317223,5,76,94,5,31,1,8,70,0
317537,5,76,94,5,31,1,1,70,0
317860,5,76,94,5,31,1,7,70,0
318174,5,76,94,5,31,1,7,70,0
318488,5,76,94,5,31,1,7,70,0
318802,5,76,94,5,31,1,8,70,0
319116,5,76,94,5,31,1,8,70,0
319430,5,76,94,5,31,1,2,70,0
319744,5,76,94,5,31,1,10,70,0
320058,5,76,94,5,31,1,4,70,0
320372,5,76,94,5,31,1,3,70,0
320686,5,76,94,5,31,1,9,70,0
320918,5,76,82,5,31,1,8,50,0
321232,5,76,82,5,31,1,7,50,0
321546,5,76,82,5,31,1,6,50,0
321860,5,76,82,5,31,1,5,50,0
322174,5,76,82,5,31,1,8,50,0
322488,5,76,82,5,31,1,3,50,0
322802,5,76,82,5,31,1,10,50,0
323123,5,76,82,5,31,1,6,50,0
323437,5,76,82,5,31,1,8,50,0
323751,5,76,82,5,31,1,3,50,0
324065,5,76,82,5,31,1,2,50,0
324379,5,76,82,5,31,1,4,50,0
324693,5,76,82,5,31,1,1,50,0
324929,5,98,80,5,31,1,8,65,0
325243,5,98,80,5,31,1,7,65,0
325557,5,98,80,5,31,1,4,65,0
325871,5,98,80,5,31,1,7,65,0
326185,5,98,80,5,31,1,8,65,0
326499,5,98,80,5,31,1,2,65,0
326813,5,98,80,5,31,1,1,65,0
327127,5,98,80,5,31,1,8,50,0
327441,5,98,80,5,31,1,2,50,0
327755,5,98,80,5,31,1,7,50,0
328069,5,98,80,5,31,1,8,50,0
328391,5,98,80,5,31,1,6,50,0
328705,5,98,80,5,31,1,8,50,0
329019,5,98,80,5,31,1,9,50,0
329333,5,98,80,5,31,1,9,50,0
329647,5,98,80,5,31,1,10,50,0
329961,5,98,80,5,31,1,6,50,0
330275,5,98,80,5,31,1,10,50,0
330589,5,98,80,5,31,1,2,50,0
330903,5,98,80,5,31,1,10,50,0
331203,5,98,85,5,31,1,5,66,0
331521,5,98,85,5,31,1,1,66,0
331835,5,98,85,5,31,1,2,66,0
332149,5,98,85,5,31,1,3,66,0
332463,5,98,85,5,31,1,4,66,0
332777,5,98,85,5,31,1,10,66,0
333091,5,98,85,5,31,1,10,66,0
333405,5,98,85,5,31,1,1,66,0
333726,5,98,85,5,31,1,1,66,0
334040,5,98,85,5,31,1,3,66,0
334354,5,98,85,5,31,1,3,66,0
334668,5,98,85,5,31,1,8,66,0
334982,5,98,85,5,31,1,5,66,0
335219,5,98,99,5,31,1,5,56,0
335533,5,98,99,5,31,1,8,56,0
335847,5,98,99,5,31,1,8,56,0
336161,5,98,99,5,31,1,8,56,0
336475,5,98,99,5,31,1,7,56,0
336789,5,98,99,5,31,1,7,56,0
337105,5,98,99,5,31,1,6,56,0
337418,5,65,99,5,31,1,8,70,0
337732,5,65,99,5,31,1,9,70,0
338046,5,65,99,5,31,1,8,70,0
338360,5,65,99,5,31,1,6,70,0
338674,5,65,99,5,31,1,2,70,0
338996,5,65,99,5,31,1,1,70,0
339310,5,65,99,5,31,1,1,70,0
339624,5,65,99,5,31,1,1,70,0
339938,5,65,99,5,31,1,1,70,0
340252,5,65,99,5,31,1,5,70,0
340566,5,65,99,5,31,1,6,70,0
340880,5,65,99,5,31,1,6,70,0
341194,5,65,99,5,31,1,8,70,0
341508,5,65,96,5,31,1,1,70,0
341822,5,65,96,5,31,1,2,70,0
342136,5,65,96,5,31,1,10,70,0
342450,5,65,96,5,31,1,4,70,0
342764,5,65,96,5,31,1,3,70,0
343078,5,65,96,5,31,1,3,70,0
343392,5,65,96,5,31,1,4,70,0
343706,5,65,96,5,31,1,9,70,0
344020,5,65,96,5,31,1,9,70,0
344341,5,65,96,5,31,1,9,70,0
344655,5,65,96,5,31,1,6,70,0
344969,5,65,96,5,31,1,7,70,0
345283,5,65,96,5,31,1,7,70,0
345529,4,65,97,5,31,1,25,68,0
345843,4,65,97,5,31,1,36,68,0
346157,4,65,97,5,31,1,59,68,0
346471,4,65,97,5,31,1,64,68,0
346785,4,65,97,5,31,1,60,68,0
347099,4,65,97,5,31,1,63,68,0
347413,4,65,97,5,31,1,10,68,0
347727,4,65,97,5,31,1,4,68,0
348041,4,65,97,5,31,1,8,68,0
348355,4,65,97,5,31,1,9,68,0
348669,4,65,97,5,31,1,8,68,0
348983,4,65,97,5,31,1,9,68,0
349297,4,65,97,5,31,1,10,68,0
349545,2,65,97,5,31,1,37,70,0
349859,2,65,97,5,31,1,57,70,0
350173,2,65,97,5,31,1,49,70,0
350487,2,65,97,5,31,1,1,70,0
350811,2,65,97,5,31,1,26,70,0
351125,2,65,97,5,31,1,30,70,0
351439,2,65,97,5,31,1,6,70,0
351753,2,65,97,5,31,1,8,70,0
352067,2,65,97,5,31,1,7,70,0
352381,2,65,97,5,31,1,6,70,0
352695,2,65,97,5,31,1,2,70,0
353009,2,65,97,5,31,1,7,70,0
353323,2,65,97,5,31,1,1,70,0
353554,1,65,77,5,31,1,12,61,0
353868,1,65,77,5,31,1,44,61,0
354182,1,65,77,5,31,1,11,61,0
354496,1,65,77,5,31,1,12,61,0
354817,1,65,77,5,31,1,58,61,0
355131,1,65,77,5,31,1,23,61,0
355445,1,65,77,5,31,1,2,61,0
355759,1,65,77,5,31,1,3,61,0
356073,1,65,77,5,31,1,8,61,0
356387,1,65,77,5,31,1,8,61,0
356701,1,65,77,5,31,1,9,61,0
357015,1,65,77,5,31,1,2,61,0
357329,1,65,77,5,31,1,2,61,0
357643,1,65,77,5,31,1,1,61,0
357957,1,65,77,5,31,1,3,61,0
358271,1,65,77,5,31,1,1,61,0
358585,1,65,77,5,31,1,8,61,0
358899,1,65,77,5,31,1,10,61,0
359213,1,65,77,5,31,1,9,61,0
359527,1,65,77,5,31,1,10,61,0
359805,1,65,95,5,31,1,1,70,0
360119,1,65,95,5,31,1,9,70,0
360433,1,65,95,5,31,1,7,70,0
360747,1,65,95,5,31,1,9,70,0
361061,1,65,95,5,31,1,8,70,0
361375,1,65,95,5,31,1,4,70,0
361689,1,65,95,5,31,1,9,70,0
362003,1,65,95,5,31,1,8,70,0
362317,1,65,95,5,31,1,3,70,0
362631,1,65,95,5,31,1,7,70,0
362945,1,65,95,5,31,1,3,70,0
363259,1,65,95,5,31,1,9,70,0
363573,1,65,95,5,31,1,4,70,0
363815,5,65,96,5,31,1,49,49,0
364129,5,65,96,5,31,1,69,49,0
364443,5,65,96,5,31,1,3,49,0
364757,5,65,96,5,31,1,69,49,0
365078,5,65,96,5,31,1,62,49,0
365392,5,65,96,5,31,1,67,49,0
365706,5,65,96,5,31,1,7,49,0
366020,5,65,96,5,31,1,9,49,0
366334,5,65,96,5,31,1,3,49,0
366648,5,65,96,5,31,1,1,49,0
366962,5,65,96,5,31,1,4,49,0
367276,5,65,96,5,31,1,4,49,0
367590,5,65,96,5,31,1,7,49,0
367904,5,65,96,5,31,1,5,49,0
368144,4,65,65,5,31,1,29,49,0
368458,4,65,65,5,31,1,31,49,0
368772,4,65,65,5,31,1,57,49,0
369086,4,65,65,5,31,1,4,49,0
369400,4,65,65,5,31,1,70,49,0
369714,4,65,65,5,31,1,45,49,0
370029,4,65,65,5,31,1,10,49,0
370360,4,65,65,5,31,1,4,49,0
370674,4,65,65,5,31,1,5,49,0
370988,4,65,65,5,31,1,9,49,0
371302,4,65,65,5,31,1,1,49,0
371616,4,65,65,5,31,1,1,49,0
371930,4,65,65,5,31,1,2,49,0
372160,2,65,65,5,31,1,2,49,0
372474,2,65,65,5,31,1,34,49,0
372788,2,65,65,5,31,1,48,49,0
373102,2,65,65,5,31,1,41,49,0
373416,2,65,65,5,31,1,11,49,0
373730,2,65,65,5,31,1,5,49,0
374044,2,65,65,5,31,1,6,49,0
374358,2,65,65,5,31,1,2,49,0
374672,2,65,65,5,31,1,7,49,0
374986,2,65,65,5,31,1,1,49,0
375300,2,65,65,5,31,1,2,49,0
375621,2,65,65,5,31,1,10,49,0
375937,2,65,65,5,31,1,2,49,0
376177,3,65,65,5,31,1,51,49,0
376491,3,65,65,5,31,1,22,49,0
376805,3,65,65,5,31,1,8,49,0
377119,3,65,65,5,31,1,2,49,0
377433,3,65,65,5,31,1,53,49,0
377747,3,65,65,5,31,1,43,49,0
378061,3,65,65,5,31,1,7,49,0
378375,3,65,65,5,31,1,1,49,0
378689,3,65,65,5,31,1,5,49,0
379003,3,65,65,5,31,1,2,49,0
379317,3,65,65,5,31,1,2,49,0
379631,3,65,65,5,31,1,6,49,0
379945,3,65,65,5,31,1,5,49,0
380189,5,65,65,5,31,1,12,49,0
380503,5,65,65,5,31,1,22,49,0
380825,5,65,65,5,31,1,55,49,0
381139,5,65,65,5,31,1,70,49,0
381453,5,65,65,5,31,1,46,49,0
381767,5,65,65,5,31,1,1,49,0
382081,5,65,65,5,31,1,7,49,0
382395,5,65,65,5,31,1,5,49,0
382709,5,65,65,5,31,1,2,49,0
383023,5,65,65,5,31,1,3,49,0
383337,5,65,65,5,31,1,3,49,0
383651,5,65,65,5,31,1,10,49,0
383965,5,65,65,5,31,1,8,49,0
384198,1,65,65,5,31,1,27,49,0
384512,1,65,65,5,31,1,13,49,0
384826,1,65,65,5,31,1,24,49,0
385140,1,65,65,5,31,1,41,49,0
385454,1,65,65,5,31,1,5,49,0
385768,1,65,65,5,31,1,48,49,0
386089,1,65,65,5,31,1,3,49,0
386403,1,65,65,5,31,1,1,49,0
386717,1,65,65,5,31,1,4,49,0
387031,1,65,65,5,31,1,7,49,0
387345,1,65,65,5,31,1,7,49,0
387659,1,65,65,5,31,1,6,49,0
387973,1,65,65,5,31,1,1,49,0
388206,5,65,65,5,31,1,7,53,0
388520,5,65,65,5,31,1,24,53,0
388834,5,65,65,5,31,1,15,53,0
389149,5,65,65,5,31,1,49,53,0
389471,5,65,65,5,31,1,21,53,0
389785,5,65,65,5,31,1,11,53,0
390099,5,65,65,5,31,1,7,53,0
390413,5,65,65,5,31,1,3,53,0
390727,5,65,65,5,31,1,2,53,0
391041,5,65,65,5,31,1,8,53,0
391364,5,65,65,5,31,1,4,53,0
391678,5,65,65,5,31,1,10,53,0
391992,5,65,65,5,31,1,3,53,0
392306,5,65,65,5,31,1,3,70,0
392620,5,65,65,5,31,1,7,70,0
392934,5,65,65,5,31,1,6,70,0
393248,5,65,65,5,31,1,1,70,0
393562,5,65,65,5,31,1,9,70,0
393876,5,65,65,5,31,1,9,70,0
394190,5,65,65,5,31,1,9,70,0
394504,5,65,65,5,31,1,1,70,0
394818,5,65,65,5,31,1,9,70,0
395132,5,65,65,5,31,1,2,70,0
395446,5,65,65,5,31,1,3,70,0
395760,5,65,65,5,31,1,5,70,0
